11539.041880619287
12064.070921594048
12573.971657699998
13081.179294466861
13664.440816226357
14198.523369958453
14743.119392554614
15299.299934643013
15834.984023701621
16389.76910718628
17008.43451624328
17543.454768554064
18147.623358651348
18739.720851479862
19266.078059617455
19757.120036650187
20273.564639003558
20863.768107295924
21441.746120364463
21922.040150261135
22451.932724138125
23023.662500578863
23606.97051978097
24161.67551368572
24636.993500358174
25202.115906856354
25768.441846220456
26341.066282656393
26867.73903275272
27417.521197475115
27948.82327320029
28578.882633604808
29126.227651718837
29636.427923688585
30238.819479237365
30870.980803509035
31527.43106479507
32176.877583644204
32792.47123813514
33451.41174202096
34067.16014567359
34605.43316598482
35220.47255330448
35817.341929812545
36350.38084722263
36885.47244612074
37475.78685161844
38045.60814954042
38566.285757406644
39093.66115203887
39668.783629617814
40225.07247038038
40758.4614958739
41298.69987761351
41849.987125271844
42404.299372330315
43012.774914407484
43558.21715960317
44116.50221784747
44659.8009451934
45223.29975110115
45761.831021444974
46335.529294625354
46888.891803511084
47445.544114023745
47951.66165324992
48473.34179171169
49066.3301241581
49676.295772408346
50271.760071752135
50801.2906546751
51326.83360911806
51871.83300683452
52436.89964160831
53007.81300184259
53577.592694529674
54222.72714173184
54744.131272106606
55304.8812181575
55844.889125566006
56419.41901726363
56997.80383477357
57612.38870798179
58181.22637223443
58712.86314688903
59326.20800943077
59961.95687950989
60533.499630640144
61213.03221194853
61803.50930751576
62355.759146507065
62897.955725286454
63409.16963641593
63953.62399928713
64491.26310957229
65003.00233653807
65468.18331037651
65906.17148630119
66445.19937129825
67015.89702133831
67564.19074347954
68100.8771534192
68625.2084963889
69171.76350561848
69772.92741106228
70360.63942319421
70898.35842834014
71407.97940119957
71929.37013965359
72429.55769128325
72943.73462007374
73392.2520587035
73853.56236473366
74347.31431067745
74934.00636525574
75526.05087736045
76085.10509815223
76666.08204105448
77209.2560920886
77732.34268085017
78275.50594427524
78872.87860300796
79445.82958635392
79967.99394443718
80555.45858554919
81110.2430942743
81703.41301707999
82312.97837622161
82927.4588772804
83420.57022434306
83979.98447757505
84568.11858733838
85080.87129522569
85649.71089433519
86282.77889741956
86776.49804263545
87213.01792355234
87724.13053459076
88266.40355726937
88892.26749365761
89407.74329493068
89902.04661101414
90478.81532390801
91061.03173270733
91615.52202498526
92215.191755593
92851.8353910534
93468.48504838973
93984.1809251694
94437.47183356722
94926.76606881249
95449.53748638132
95980.54537956456
96478.6462501723
97017.51743911445
97579.4921345535
98117.03297368562
98708.784918293
99252.76956598918
99811.07553930387
100377.26777008834
100935.87327510458
101510.20270385171
102042.51723885706
102610.47972256242
103132.20690057547
103728.55235079411
104234.09674891866
104728.12883347836
105246.47026694047
105773.35535828117
106285.48653113206
106851.7222364019
107418.78156285032
108022.35546597623
108666.18722207374
109222.27425945213
109766.00704878909
110341.5218161637
110958.10897591163
111546.59886937824
112069.67706009412
112654.28880969096
113226.38532221265
113760.84496765792
114302.459113373
114847.38294668411
115486.07548081978
116129.50623375253
116703.53542677095
117230.3977408878
117820.50117739562
118417.09566048857
119031.59088088268
119596.42462720172
120197.41345587053
120802.52461494986
121358.5554288547
121883.01108807379
122498.20252527064
123100.12895278836
123639.49079265178
124152.99037273698
124692.0152793149
125247.65365878692
125873.48069856397
126399.5496649361
126974.2307123056
127547.2309860708
128069.0972978318
128623.97831439806
129297.88522598601
129939.86736352196
130529.64189423963
131101.7790631838
131638.21908546996
132230.61154874574
132870.52506916702
133424.04889258512
133983.20607331293
134503.06973848408
135001.84402362868
135566.0485544993
136104.42756212037
136665.2587427019
137293.47550532786
137889.8466453199
138415.03298199287
138929.7489349586
139422.54273656858
139968.8727374084
140539.147061668
141098.7277769293
141617.35712400445
142091.6223677733
142540.39078315228
143047.36309004165
143604.10020423157
144202.2092979871
144823.04829916573
145413.80365774126
146008.74777028387
146585.24289453085
147187.0779720455
147791.77819240154
148445.6165758188
149053.76204782407
149663.79909392612
150227.17900281568
150866.53030759018
151415.44693938733
151940.1023270169
152567.703992257
153126.65063706102
153739.21967976706
154270.01544319256
154797.85214943683
155381.59168214563
155880.87905037755
156379.51578370563
156885.67120170075
157497.37430297062
158138.5833182991
158652.90756800154
159130.57041555326
159640.6889234064
160118.26711738147
160672.2242688076
161240.95702516378
161811.59447055653
162345.94272777456
162895.3578436103
163399.0087386935
164027.6431516822
164620.69326832867
165141.53813921957
165706.6286253793
166252.8858507369
166764.0001913709
167370.08985242684
167947.22492345131
168452.95274780004
169057.18912998182
169610.33620658232
170107.05716449267
170579.55572245945
171141.7618681579
171762.08647982756
172391.03420040934
172926.88252363968
173430.75538243944
173995.5776463876
174582.26430409314
175167.5743482832
175740.810449704
176333.07340943522
177007.01486833976
177617.86943720275
178227.06525205518
178812.62879288505
179300.647980413
179800.87194526897
180362.82299708275
180903.5992343947
181410.39851479282
181933.69451525458
182522.6156941729
183086.44973445413
183629.11003423965
184211.22344019474
184733.4631492317
185367.3534742796
185952.64113021758
186502.28540060035
187119.84953538651
187743.3223488399
188378.43172630537
189019.45248180185
189545.27120756818
190123.82418169262
190751.51036659192
191403.792122662
191938.619311949
192460.51102038176
193041.47660809843
193621.73780043478
194173.7786189953
194712.4580828881
195245.71708167632
195766.7880024274
196304.2437786509
196863.66761470717
197468.80459121842
198117.31913655516
198701.21364092233
199223.86689730315
199774.6336286185
200380.9965721526
200951.93522112828
201602.7617565157
202180.1839032647
202772.22599978233
203345.75066073993
203922.35341322076
204538.48649157642
205118.05152500284
205658.1217630725
206238.4155083567
206746.29915689025
207330.8089502224
207916.69599169324
208431.24744950767
208950.72895982713
209519.36779139927
210124.42225900857
210660.98906045448
211165.4387516062
211758.1073294322
212260.21137446896
212829.17312659902
213391.21944958522
213971.21874486885
214422.41010276324
214984.5277174578
215569.06022340173
216164.6557675444
216700.67406731425
217221.08135779586
217755.96702349573
218362.746405592
218978.73516741412
219563.49797720168
220148.91648081367
220657.69281666898
221182.17638001416
221729.3366790353
222320.30780028188
222878.98397228972
223409.10734921347
223943.95330411187
224506.79949189906
225135.93113719113
225769.88471594054
226321.74411628657
226830.55184617967
227348.2241419697
227905.77457514565
228438.941819814
228989.04532850682
229568.794234463
230154.04838061702
230714.34435054564
231224.9148456067
231783.23832871957
232396.42433239866
232943.67851403833
233498.04531391765
234044.89623987308
234605.03653466672
235169.90861352193
235808.1741444497
236378.84741230088
236901.85888001067
237445.31451586078
238020.49129729846
238553.66475718896
239074.05957089536
239661.9260437726
240323.31444431565
240873.49360383063
241458.07520417342
242028.40039030713
242602.23880933266
243199.8230216203
243685.11672111534
244182.89542009996
244721.48675589528
245371.42573493402
245985.93397550887
246528.81435632994
247019.89245683656
247554.33094273502
248106.5161522037
248633.79135964357
249112.50933477152
249616.3451373343
250113.5571841036
250722.00994705115
251294.94069938507
251866.45500213123
252422.02499206114
252893.70302234872
253432.85730465158
253942.20476819732
254442.0045416412
255000.4899712034
255581.1344723278
256153.85878331555
256663.44313943817
257257.31634144892
257778.69671065465
258294.94356492622
258788.85344100953
259320.922896208
259869.62685458976
260439.72305105973
261053.66701215095
261576.6868330618
262107.60527951052
262693.2936946141
263379.9577751476
263922.63597428665
264444.75406958954
265050.04947501724
265578.13549710857
266111.46622400754
266724.8801459045
267333.0694741628
267895.43104484887
268508.15060323814
269061.6841959173
269530.5511978983
270014.06222304597
270590.9544156199
271179.56523219874
271821.0515169371
272421.3318689066
272966.9843459115
273566.4205268243
274211.8713707286
274872.1113846675
275478.703150466
275969.9878046547
276563.1488388583
277144.37967417337
277698.73579345975
278187.8313096925
278653.46368822013
279203.3989375909
279814.0087147449
