0.028901092577021923
0.012352827566053416
-0.052525518783849125
0.2402432348669986
0.04143974754157108
0.0517928017862904
0.017075370156439583
-0.10216735796537063
0.008005603713222158
0.023503776521498834
0.1155101834326655
-0.04594026270014675
0.07699331789100165
0.0024496162256296573
0.3312802514929121
0.15835352193302565
0.13993598223280063
0.08023720250216197
0.374010693045975
0.06738449315355326
-0.011395140759105608
0.021647083091379672
0.030329814116037312
0.06461764893022909
0.05315728001045326
-0.01853070187480783
0.10734896743723683
0.02790511146452816
0.09222806487609887
0.1374639234326977
0.10326339669207173
0.004664839540136309
0.1215927415983133
0.02982835775715093
0.11019880986019932
-0.026046956545879404
0.06457018295938524
-0.04134932567231709
-0.029311450000638183
0.12345233117794638
0.0722504686967846
0.0025457260514319727
-0.006145706454156151
0.09252670081856582
0.07092379008819678
-0.041593370379156155
0.11166781923283876
0.02748942323333037
0.04842824395943877
0.05233778999916513
-0.014365621939173632
0.10288303945990132
-0.05176294353019878
-0.007350955607643693
0.1741162360657829
-0.11417663893589122
0.1478690169573586
-0.0455778576142653
0.1528138675909858
-0.006846720499234256
0.07762041656700572
-0.11924601284850579
0.05173312586642771
-0.01837513890710363
0.20467748464851956
-0.058638858678362944
0.027498653429401207
0.07377320767517538
0.1834667846338757
0.10763725302453507
0.06811065475342672
-0.03594113575327051
3.8116488938167125E-4
0.16957541673766277
-0.0713118195438383
0.05268788192028111
-0.01040422386680909
-0.026548329442882535
0.016562431139695754
0.00575738875952021
0.3548905835272203
-0.005261245338640986
-0.005575700447961059
0.1000234274776739
-0.008754199770557572
-0.08462256166536901
0.10472405675090068
0.041725443099470745
-0.0954378027611809
0.11044040282786036
0.012062927163011425
0.05545241622832109
-0.07385424645733378
0.05827397562465711
-0.021677020411328365
0.10544959967435495
0.010807856755921361
-0.022288433206663474
0.01403457251761635
0.08582177053697833
-0.005509191200724926
0.05739589703789294
0.10955636825598276
-0.04627305205553275
0.05034720957410283
0.07022789917064608
0.08390719299920862
0.04612543745008497
-0.06377397447917363
-0.012179340083791642
0.06834944094498042
-0.008977645276591438
0.10137381038430954
0.01953009090191598
-0.042743499748609144
0.21403103540174423
-0.07001696122008423
0.018816288059989587
0.15634545661960608
0.09237614119378598
-0.0563045232715187
0.005422869616801113
0.12662200871551751
0.010079092405640993
0.11909333821958709
0.0026249439043047056
0.022693489301980202
0.05385078599765974
0.062012171469736095
-0.01240402132735486
0.17163666242824627
-0.10415536756538268
0.12791309060040865
-0.025978881158021987
0.09129987767887693
-0.038774261234722635
0.08122185103237384
0.03118545818710267
0.01392808770298508
0.05127309910781567
-0.006411285615299265
0.041482018436217016
0.047670905268554324
0.11799371445043588
-0.04522709526258338
0.19513026214439935
0.011571163275042526
0.035511823516638855
0.03270241248782733
0.019887867022055312
0.09583323131775798
0.011302092424469296
-0.0219666621637066
0.11309637145654912
-0.07302940639416138
0.08508927897392175
0.03750128602639908
0.026739525766854226
0.05556536618960372
0.05144503189490785
0.11624112312597377
-0.10216064224374433
0.18333631896428568
0.047424654226495354
-0.020774524845419265
0.09774474533442686
-0.021046457142932427
0.04422181561000218
-0.0371731295078177
0.08710500903655614
0.02553893983453034
0.05979353533822232
-0.1091922968096125
0.12114197389937875
0.08163519346765898
-0.08751302057116625
0.052490761003031905
0.11834146500589562
-0.09332990476320922
0.1097851719189095
-0.0555869885988858
0.14272406948047778
0.042668222999016764
-0.07908710850535085
0.069389386788259
-0.02578561099187446
0.1417969796515549
-0.13055792044264672
0.06589061065542696
0.00770065731486483
0.11444484712894173
-0.025973754767837462
-0.03229134325039985
0.06408324799603811
-0.010245097179580482
0.06993008554899806
0.020244004716197726
0.014619209196457516
-0.08450391623793184
0.12684781093568084
-0.028200662757549805
-0.038653531912320405
0.057090022010692104
0.13623890024695542
0.03817573503422046
-0.01584034594642925
0.0672044926990452
-0.029050930310397436
0.16032948502874478
0.046870353043775986
-0.040841555422850374
0.05943787542114028
-0.07597505355897165
0.1415540350628912
0.00909000600033801
0.04029413561744055
0.011344599301128539
-0.041108537447228914
0.12676536232178434
0.04789793188720081
0.103629429629767
0.1341943199143892
-0.060862622325772414
0.27366412446575306
0.08724791897642054
-0.004202687918266821
-0.03629751130713055
0.10216705670669095
0.10264297376837547
-0.010654944940807768
-0.08405727729129454
0.12460109201062218
-0.10728623557083537
0.069485925386453
0.008047976479596066
0.04219672297372591
0.03686143392583721
0.08589693417686849
0.05816683700410101
0.0548202452408285
-0.004020012611419311
0.0645691099561568
0.020036429855459358
0.007428889377865256
0.043418070629456705
0.10435341727243493
-0.03582869318149295
-0.05846140515906348
0.07983867619650266
0.07154016641970533
-0.08127917515823961
0.23884820376990268
0.06310074964006131
-0.0487928300594771
0.004728308188291886
0.04768575984327321
0.04357354206323595
0.09772438740291996
0.02856881080504485
-0.04252493660994745
-0.04858768354698119
0.083024692784025
0.1026471832506638
0.027393864191726677
-0.11270877487529186
0.09346684636507926
-0.07230052478497323
0.10489534225768474
0.028158133605382597
0.05505692018466671
0.046409630922214895
0.06773971526194648
-0.023310733885434334
0.10252286784891748
0.09899951054209151
-0.02311396531269802
-0.0264069417090387
0.08351183574625584
8.173082923379794E-4
0.019273921133387172
0.15047796054273974
-0.11618004658015127
0.08627605760827416
-0.014378498663777552
0.12082440542715632
0.010119835277351913
-0.003077830958521318
0.030205896483795014
0.013471488318498388
-0.06417930358432282
0.08018803400114127
0.06424725916933623
-0.03191780795518082
0.004088533366592588
-0.018977144595649493
0.12048779877539004
-0.026730396849051572
0.011011436484952297
-0.09278854859569345
0.1836387706417822
0.11703584101197656
0.11469558679466514
-0.10641415107887213
0.19706864818303438
0.14108668706836117
-0.02156727770221473
0.11233369472512603
0.020321151495214827
0.06637318543931395
0.010886967576299743
0.022622013097545145
-0.018597629069187837
0.08141466341286407
-0.07572211608144692
0.11351193607775212
-0.01209660611934315
0.1985684409349343
-0.06369807378309196
-0.05947126762011545
0.06622698136306886
0.11184625693258769
0.12079103675734074
0.36259378946208703
0.007825519686429847
-0.06094196204212908
-0.004132735935437787
0.14417317228721563
-0.09568433724388739
0.1158743189061402
-0.05928470448871558
-0.04530677958763174
0.15855372047612157
-0.11372138717186979
0.08443559964236562
0.09908562386862209
-0.03283343886663768
0.13066439832831855
0.08387323555058795
0.00392961895201407
-0.019625314743496176
0.06569024991622668
0.24079730964271992
0.10669556163211358
-0.014430121572381547
0.004978222335480129
0.2544783489023063
-0.05595558330035262
0.01096235310614548
0.04089256866876972
0.09050561318234679
0.11289946849447309
0.15042494706652193
0.20049852258224832
0.2533540737977489
0.09584062856697473
0.02845214058860112
-0.004348903039169765
0.06772532620872948
-0.009865458815737025
0.3864548180055746
-0.014171854622972617
0.023976086904504812
0.13991035511718086
0.014180029959710535
0.27084254561332033
0.003936522595289561
0.10136657974312047
0.035508143572805705
0.06611227781592091
0.04753321170076048
0.04970647666453928
0.08616995545715565
-0.030708038975829636
0.03176340025160865
-0.05402799077429613
0.12420406471217929
-0.05955123337866612
-0.004743997545892896
0.24663642146925152
-0.04885853454768652
0.05675746742532105
-0.005220095668159718
0.1685937746205755
0.03266591932310166
0.04954669420725938
-0.03508991801715717
-0.02478561287553457
-0.043387343761229887
0.08977735350003926
0.0976506779945656
0.16112835700594433
0.05278970804859531
0.02501133464338068
0.02203681041357511
0.13513687775733546
-0.01756294776455364
0.15205461708899876
0.038720814014684295
0.04051253673877381
0.008241101453051588
-0.01967709260559301
0.0424688311390827
-0.06939550135399448
0.031895591407238626
0.031288901972204436
0.05126664835309663
0.06533813728117722
0.15064255329544698
0.213454697050444
0.07521845290404913
-0.007430085690950406
-0.10859486693206476
0.08189928543044503
0.08312685975584311
-0.05082228851293929
-0.08409370051165317
0.14926347483976865
0.3164047187593216
-0.06139661893682107
0.12223553810245966
-0.03241964052572481
0.05303129386337365
-0.009290400229229258
0.012266768439878959
0.2903742720345147
-0.09100700063626581
0.005487985264132859
0.11133344101888831
0.11546469430288112
-0.06302725752241417
0.003861253799710971
0.17198440806840715
-0.08050728556554942
-0.004462373697638116
0.050599352617018124
0.011422517385908361
0.021266537967882714
0.04156141853642872
0.016616904847814033
-0.06066371638137731
0.08301156968045488
-0.10999878876501579
0.07374249589980571
-0.003600349027468528
0.1098292389334539
0.008808668291730682
-0.013974991523464072
-0.07826603146623108
0.11211194551055857
0.27175352333722314
4.0812499939651297E-4
-0.0568440387694481
0.08288353840513657
0.12429207314228935
0.09419666581632936
0.005472269169231674
0.0698327636587777
0.0872239712130289
0.11718208845691039
0.020606727357901512
-0.045642853742690434
-0.01647968772259194
0.3367797599312383
0.11175335842288327
0.01675840601377671
0.03802473295854177
0.12266034407462117
-0.03461337569751783
0.14792312055643045
-0.013112408522953452
0.0113595866229131
0.19789692918498655
0.06483815000616665
0.09674616416677342
-0.008217932859999846
0.011565605006301593
0.0269068272149553
-0.015912640373118597
-0.058333217597626705
0.2604815587161164
