8.684551886236399
8.221227280701216
8.643479096972781
8.140550449593892
8.683588612801838
8.688819862278974
8.471442751858818
8.608849912746633
8.68138878316537
8.682203989097045
8.935610400874728
9.292278813596162
9.395369242682635
9.703749586466017
7.842143209586676
8.70300502596951
9.40151879513643
9.465008463001308
8.34672143625379
8.4461402779816
8.80156390217784
9.356380156229775
8.251087561820716
8.071565555169215
9.390808411093653
8.948225870236032
8.454413662954817
8.569030855690983
9.084274483653632
9.460070541274613
9.159064705473506
8.561853359287097
9.475558943410304
9.7262566607607
8.762369027064164
8.409049356600608
8.734126766425288
8.704195731451923
7.925255699544281
8.912174509750264
8.334039010534795
8.661329686499501
8.694601313333937
8.245133820396983
8.343872127378887
8.250852765192862
8.950483444863929
8.276335157289997
9.572409605084882
8.731992851215841
8.127371351039212
9.741055860715463
9.322962312580689
8.819441400458793
7.7168550908307045
8.956479080527364
8.622840431729992
9.057185491268458
8.131493870988457
8.856501199793511
8.535223726333575
8.340567708118057
9.396371972924198
8.172736843508712
8.902064992413074
8.82315066910016
8.345300281439012
8.672561540862787
9.204419403821525
9.022694916580695
9.12214605535701
9.045318075808321
8.945661678756089
8.202496794432419
8.286270615505536
8.87725147193137
8.89724457378407
8.473806123800868
9.200901482286739
8.952897536786603
9.107417569118148
8.406412909024105
8.017383878074098
9.28245128841131
8.795520364226078
8.71726152338471
8.867500430397778
8.88457657976396
8.342137598885593
9.179493818427343
8.713951995215236
8.764308082308302
8.501384658334768
8.560818463239768
9.007142044390928
8.392616625892138
9.488946219954848
9.34519036092666
8.154517424268882
8.570867530920697
9.123308203447335
8.786154475985906
8.107774183311548
9.18574488108781
9.036926922352874
8.197589109472311
9.235699022952282
9.246029339164126
8.930162197443195
9.206448158555068
9.06479989656571
9.297800872486158
8.80067381904095
8.910253786035076
8.931189219851811
8.680617536323751
9.163066423062855
8.523275474324382
8.968113249918916
8.748288635250859
8.88965182917918
8.885151359575366
8.444915107399245
9.435457175393722
8.55252679427902
8.123461561210165
8.3566656964911
8.498226439709711
9.291066648274462
8.831389914278391
7.835657618135667
8.198563575525949
8.711919294282769
8.54312774348943
8.355100562084218
9.19703871449288
8.434742302807972
9.012183576581089
8.194637281806346
8.198194251715885
8.710818785557313
9.484577799059652
8.192039807936242
8.774604436807635
8.198937021322038
8.330755847046332
9.596922638220997
8.465691943566226
8.727166585293132
9.054872797804602
9.120849741226362
9.297153712555216
8.633014726952721
8.638256035346025
9.591400225854425
9.25793555088316
7.6768683276687275
8.769324325419158
9.101327453820614
8.079602242249063
8.631184691567722
7.640007964405079
9.222048949952722
8.07848720611615
8.472860034783155
8.650633957653806
8.123293581490579
8.263932023927968
9.757517677206616
9.546954459574215
9.297854375089106
8.36870276352904
8.98761066956399
8.655612306213841
8.824258789677234
9.254585652722737
8.57647881633006
9.41729578892471
8.40661370460169
8.20803034876102
8.590460471489619
8.606384673660475
8.471941723534657
8.299043979816432
9.057214718778862
9.107234909991808
8.706916372297355
9.312164032000528
8.749561093381717
8.895071594397635
8.542010240542663
9.096229434461227
9.064027293256107
8.750498949734293
8.663503800198152
8.268211869993456
8.575963075989769
8.15804416533846
8.66709952324858
8.715010564496831
8.829042389883522
8.799825128027875
9.418184132978238
8.297990436984696
8.648514955839225
8.792390557116502
8.443921754176447
8.777159717255257
9.4153337489706
7.932285555376473
9.065693221193989
8.86181976710004
8.703675184782211
8.326345703319594
9.031473962605727
7.918392553154099
8.11495483067231
8.742090328435475
9.154369693226721
8.698565215407104
8.04236260148362
8.740120853655183
8.47604180076564
7.954479261368883
8.535961765330635
8.98352409152759
9.143272955157794
8.336125211496476
8.583479817533375
9.252302846796471
8.750944221531169
8.413648091235293
8.29214036333332
9.066207434309964
9.247794352814225
8.329000484621984
8.421004404957387
9.087289731677261
8.16613266733189
8.917613376697302
7.968997778014325
8.524335771393044
9.849181800847765
9.13307577236522
8.466944966479119
8.301706931987605
8.334130963396909
7.9014634309879765
8.875553932306586
9.185048237662512
9.572135787843775
7.578355713266046
8.720617491557379
8.91094856032861
9.367956957562319
8.289827895154126
9.398566567120149
8.678152686445392
8.482325748818132
8.543554929069956
8.716966040409543
9.019908375930093
8.449809157703841
8.16604352958815
8.429692168973546
8.695203590564997
8.926651575245868
8.732225510858594
8.581340040731712
8.447872887122163
9.43732666836329
8.368647227985154
7.829353931574422
8.369352760137895
8.218194104011797
7.857540778219789
8.528891587753625
9.445828224675878
9.465535058605619
8.871149125462027
8.568505335909292
8.484468904561625
8.765094807939407
9.22739074889359
8.273540914537453
8.848131284092718
8.571648824507724
8.82363681023146
8.678037639859312
8.357585365822828
8.489928845720705
9.250657227509393
7.788204225106394
8.57781251494247
9.085922912250721
8.591142335609396
8.901731470272216
8.429867207730485
8.1035336534192
8.434599406714337
8.958862980471874
8.596565793530026
9.246977699927573
8.257934941387163
9.357692364200885
8.510037887771182
8.299595084359936
8.522952674825502
9.202936668444812
9.273328981661198
8.309762212378917
9.20900327677668
8.203347360107522
8.311370755470291
8.315666685496359
8.889975663817484
8.05210910402343
8.1450823177674
8.161849052463355
8.837107479401364
9.288051175652095
8.271208578999792
8.65467251521954
8.377719804307906
9.172833384169676
9.118249727152778
8.626434431549582
8.480674611668256
8.281847258680164
8.573571452854068
8.782072521732845
8.573870196158895
8.677768644024304
8.422734698764012
9.379049957214487
8.993202089226969
9.43919752871679
9.113206307811781
8.373189724547505
8.524416864352302
9.363313291183317
8.011612868169077
8.106287121305963
8.964102529477344
8.285644527943589
9.327069438877063
8.770991479284005
9.0935564137449
10.03421075632651
8.692127222487851
8.133972910816176
9.052875887081823
9.272777379287666
8.969686011870413
9.143037216977413
8.08012966816083
8.226084026920278
8.309525776626014
8.44741295414798
9.68448077858134
8.747754233398297
8.867305949273872
8.96170125054238
9.015648460468288
8.758126830662835
8.682983405473953
9.649462798370578
10.13002103798862
9.520577088321263
9.02589392628719
8.398722353750689
8.44968727769951
10.228468841241819
8.879747069033456
8.765016942605195
8.345104562987732
8.739793949561138
9.259917073595464
9.26343393210919
7.9944678542212015
9.584511289268752
8.958076722225393
8.076924291850986
8.862512537820667
7.886690484363666
8.502906339920823
8.708674540813007
9.01899066683547
8.326869912652809
9.361786269646144
9.696513080983024
9.191222377723394
8.534508968950934
8.913726835821995
9.666383143559795
9.007773012325524
9.07276901128065
8.171824705677803
9.151298495271423
8.787618649230117
8.866088212053347
9.20420455293305
8.957494320516004
8.702090844992004
9.056242274375984
9.238769307546226
7.757168099766673
8.932989040321548
8.932529178909126
8.918555626890901
9.083693848114915
7.91842260084138
8.634066400548718
8.450504427143569
8.323558342176213
8.414253827746204
9.195877723594899
8.541010696992549
8.62579381949593
8.7407587045888
8.300755072505945
8.210373232771458
9.495737396839822
7.950622496857775
8.49811709691449
8.566237158771623
9.21762703980527
8.3270871772356
8.652817661980437
9.24335705867293
9.626691114509196
8.926505710614933
9.07375003647421
8.079333893984854
8.734049423031838
9.222868427991422
8.451520689263152
8.478992891482376
8.731171837082535
9.308906501694798
8.245622349927023
8.177431215252863
8.555643112431982
7.933536100035832
8.841574329842745
8.140600438964311
8.964485372307886
8.28693920460093
9.081083370268898
9.038671923036897
8.706939498921422
8.891900113490035
8.62833795562149
8.874362496198833
8.37639512829931
8.521926523605206
7.90037814000429
8.597255171742134
8.789636089461082
8.888994118342083
8.564510079821664
8.741884414974422
9.077103624690952
8.45882803612372
8.482447598333195
9.327397226159668
8.671279803158937
9.312066118353142
8.097448267561914
8.724957206511863
9.52629558664554
8.08938348426472
9.34992162791473
8.404935859550026
8.517360903765693
8.11613258902479
9.071601307462569
9.341874179690969
9.301935325199901
8.607899034943646
