9.20083688895748
8.727214209277351
9.111688186775485
9.772133534589596
8.974681162304764
8.284185160294841
8.606787627278143
8.852001692987415
8.69166901226537
10.135156794445944
9.911983583790663
9.113009590913052
9.739884135306026
8.83095670020569
10.418862325449828
9.557305480918991
9.685361110848799
10.047237740756668
9.13167099211992
9.598503949951471
10.163020783813062
9.201321467055065
9.430263674652354
9.74082947211096
9.109884874811058
9.304789556630046
9.315621223628233
9.215189341273113
10.359874430787904
9.391998128435304
9.432239271908154
9.285673303282776
9.584564168616714
9.23109738914538
8.065438345861164
9.112825446562706
9.866713028447544
8.255156117051628
9.157842448231866
9.279205244188617
9.193320839275037
8.92451133495913
8.717912136756217
10.332748255392625
9.470848812184554
8.554335367582533
9.649391807780992
8.41750957103616
9.235354620748312
9.234657320941782
9.949180157619754
9.694589381081826
9.4040636871766
8.528019298419814
9.343866788180591
8.37285156476488
9.131877680194982
9.083036292193416
10.780619622852218
8.975636386203233
9.422045230319183
8.602843937705467
9.133218642916084
10.03898046227016
8.435079032621985
8.838744846620257
9.018517593391636
9.182600822578173
9.331333532644969
9.200549763301716
8.756379851856364
8.98221966457858
8.390513895081384
9.082868402412837
8.868497295082385
9.099733126007088
9.458897827449789
9.082011601422234
9.486040046023787
10.019763274247204
9.856749761082492
8.207802526000064
9.596794474294647
9.756957759806445
8.829773743378729
8.680814710507288
9.066788468816261
8.636847721913387
9.462936325403184
8.851288770422155
8.94654919198324
7.833823998368936
9.349483389149922
10.007216008607063
9.167980151659654
9.682927365655209
9.918631537298046
9.036366256008673
10.064002377834877
10.261695765289177
9.818945633402915
8.974713733652415
10.343698300315857
8.522164504496985
10.063730300588913
8.985772780570974
9.225119033386541
9.459814602899744
9.173477728257055
8.793346204562598
8.962372492152621
8.54218186298726
8.879028577091832
9.428819541658344
8.610026892105326
10.215373077432568
10.080162359685595
9.502132413770141
10.35997020362182
9.35410424344463
9.174329787123588
9.40511735046181
9.798942674736251
9.798323022800831
9.127552531866833
10.111562119269138
9.445926739002967
8.972450140059617
9.913460151075203
10.40936968362793
9.732725240323433
9.578864036894995
9.125589291207163
8.815195376792978
9.554876696137516
9.160100466619793
9.62831778835187
9.16083286378463
9.407183323942085
9.736707625628743
9.543137267335897
8.793035127697873
9.065123490441483
9.930324536497492
9.27609803932212
10.464234498196353
9.125892190479004
9.707547832011882
9.248350590185575
9.353595546567455
9.286435747160859
8.869040297937433
10.04269180321878
8.711151865045176
8.727855047952922
9.899867892311702
8.995487764941268
9.293951870628664
9.366858888105972
9.082152452021804
9.38585269132656
8.611144864283826
9.888785540116492
8.83797610692706
9.276451945634136
9.077573502683599
9.28696281844763
9.158654505179696
9.976761384934905
9.875252768628766
9.18252346109928
9.849427573147823
8.620827398653201
9.202544307703887
8.924392508141926
9.937290426479446
9.15613788706654
8.989204387003236
9.030980080505612
9.474215757425183
8.86276418762178
9.214528288323349
9.233631988684701
9.462078924173978
9.963639816890632
9.559341903462634
8.917770875639214
9.52742385154022
9.053650156164252
8.999055953288146
9.691809879957534
8.989619506221198
9.212376790070719
8.834433719448855
8.773504829474598
9.017726764791648
9.494967464763675
8.67583063033791
9.89473734192959
9.073269106891255
9.36366038743991
8.695782452928102
9.200219365993
9.439249884822795
8.484323169573642
9.56093249715077
8.948354969065162
9.848269073936894
10.235816786509298
9.74315557025448
9.585529043891905
8.59875362045989
9.137965724486008
9.696400177717686
9.537249183155451
10.096588523512198
9.569816832265431
9.429997884164985
9.057831221992336
9.804122960583417
9.300118847074485
9.201110639427739
8.725184584577743
9.762139895911268
9.274809804096591
8.602403537422852
9.256572556044517
8.77652583029481
9.208103470526357
9.570889268003162
9.700495137698244
9.69956793490009
9.352034879232333
9.486054361204564
8.515950823500583
9.187854401620623
10.162664643285545
9.868382908141406
9.6794744851764
9.90394697317944
8.514999807464692
8.911316919103108
8.63429857508889
9.011819601241042
10.5007029234004
9.519844298300342
9.474204964030545
8.949022816186421
9.722918155912415
9.761278113585284
9.023079498067467
9.59533064796848
9.108380891494372
9.100647276783244
8.310840754862877
9.953762194161557
9.160686374119573
9.298455761005728
9.403032339200811
9.539736051583978
10.703177926350222
9.898037745316975
9.283727210175735
9.289333107906634
8.537883041865127
8.924618240677466
9.790269968635345
9.356884157837923
8.595044383991794
9.478904844534453
10.266673985779036
9.15670659637049
8.820147896613541
9.22727303235782
9.628965923567849
8.763565994778332
8.640288050738167
10.10177418852806
9.599676119682208
9.083948731190663
10.213741831236687
8.978808198209595
9.136287193339228
9.359857618514546
9.891181499327285
9.111316934063153
9.083479917222515
8.51539014068864
9.832260857111258
9.719352995704917
9.210982351028107
8.805700645030484
8.996435166641417
9.6581742460882
8.858273469882858
9.148536236514941
9.248602287998864
9.846252209304064
8.791089826321043
9.797563308869272
9.88833068420149
8.439134623248249
9.972726663150851
10.374962319876378
9.19273260860449
10.007291078119863
9.03365376198968
9.279771189773978
8.8588577170719
9.12607995714028
9.170513923851647
9.427684944981888
9.126733681690054
8.079307572209856
8.626731393374552
9.542572672922962
9.110369027392784
9.580490269293646
8.704427534948291
9.850287156130152
9.631232121005226
9.187104655458551
10.273036005160273
9.280325419914467
8.537934489154662
8.865668585698051
9.511098082723805
9.273640551348688
9.361633097908225
8.7479987922055
8.7351771458955
9.266328328754495
9.308994756654831
9.112757432067548
9.860144101859012
9.121853344399842
10.187888623095207
9.149873439316869
10.068442752610478
9.461268857497712
9.408857935433137
9.133713999148878
10.07546571536367
9.23992620420631
9.578957976938268
10.320872273337388
8.582615808687045
10.165153580893342
9.478170572466308
10.044347314649967
9.193171118838402
9.860340607581625
10.551971302988877
9.302813217815823
10.279280400374173
9.308702360237092
10.422309009499685
9.428565619225953
9.26626853195516
10.345909504460078
9.039340054804482
9.035396179874558
9.842376363457165
9.605110503259741
10.4549412286735
8.637848802313743
9.824580127784953
8.897657718660735
9.375260055660807
9.71629549212281
8.108979789662042
8.864814510398547
9.176546177756151
8.660924190921028
9.594113952983468
9.72529626351719
9.298990621197204
8.939475294570373
11.020474253578984
9.11154505296286
9.06579667140912
8.916696883993142
10.609146295158467
8.968482534073802
9.4553319554582
9.347113754513614
9.646991941868118
9.442757769083457
9.186471392588128
9.172176050708448
10.122990191259943
9.183315346736812
10.275530126939797
9.25755921456305
9.101870517630749
10.276229810947566
9.720368382587486
9.87571333121524
8.91917076107301
8.283116790530203
9.212068428626212
8.149075576534761
9.735039739745677
9.457341868161093
8.454117643931909
9.523135225854006
8.799270691210829
9.753796944431908
9.328064024944378
8.86214442450805
8.948525414930087
8.48849780494678
9.267332784643234
9.153291816337013
9.28611232793394
8.986694958705248
9.516152570378733
9.380242064163534
9.573306437244172
8.644454117333911
9.869873113313398
8.951164136414802
8.40515127307052
8.404031796797973
10.112630127074912
9.052674688196323
9.857577428036091
9.236562157441796
9.248373668224012
8.850377656338141
8.827816269071027
9.441616469330397
9.910207410682881
9.038917064464185
9.045770333709719
9.678451835751554
9.516931735091037
9.215934980496366
8.565863999507478
9.218352891128017
9.03225344381331
9.39272009253617
9.412114975088782
8.377039366584576
8.710585770493875
8.839482782178315
9.020723432913936
8.97726726512264
9.652405440881191
10.044962583864455
9.699576583640681
8.629809374906936
9.163642174031384
9.48772401273314
9.735773943134
9.53977713633233
9.013848415275403
9.711326669857872
8.88332818146142
8.924052012281418
9.61969097637567
9.450048120101027
10.03134628357106
9.422474517629189
9.514628086454083
9.723113024592612
8.966858725757596
9.490233150009852
9.908747577970166
8.286687201333258
9.507523344883873
9.758917067354725
10.276407165777586
9.426754963011428
9.284242932360236
9.58000776441097
8.774469100868634
9.959018659473672
8.828137759212003
9.423794481583093
