1.484681210831035
1.0805779933794262
1.3845515374371713
1.5078566478972901
1.382588996837844
1.1330138081224461
1.6849072892957109
1.3228790639413917
1.3122611362462626
1.1177150056116927
1.6256244201774417
1.9859923008576403
1.3722829526825222
1.33677874579246
0.8487827831617667
1.1069923540079678
1.3437593336485085
1.6718141800948005
1.3983523220531127
2.3391485786402355
1.308168589149669
1.1159971256939494
1.6505966090440711
1.2538126769982203
1.4769052899376598
1.4329061310210038
1.0451019363621294
1.1990927386053567
1.3967406017640818
1.6843460866747897
2.323528710964467
1.6687732383359952
1.919520624956763
1.5197276704794533
1.6954325273215747
1.0617772914311272
1.4869167564836492
1.2948361774888582
2.774402060567437
1.5908442050662006
1.304180582858047
1.3532066563014027
1.296306771465888
1.4496189763608398
1.5074464275791344
1.2760905175573796
1.441739807180122
1.2712821387493405
0.9691545235725162
1.1848583288584595
1.0191903496299461
1.3128644452092957
1.5613200700747565
0.9421468250751389
1.590980645172101
1.6813525958182036
2.027739284078188
1.3044241252259277
1.6081749725224959
1.3622991351729237
2.201448063422931
0.9588820772015954
1.3722877701790375
1.82760006409734
1.6004039421541099
1.3409266541824896
0.9011830389572707
2.0836165651005967
2.644012116623558
1.4224545351599502
1.7561418260186983
1.680734004445414
1.3431991697316075
1.7888636218143703
1.3994373952815082
1.7298130631978603
2.11876879512142
1.6108986979025817
1.5116519615745267
1.2836156931262679
1.1069978865643995
1.6307887936894692
1.4859715804117941
1.4714428760825937
2.3755659732979977
1.593309092301479
1.2244593831247528
2.033607601131438
1.5404643164390086
1.2612192992656175
1.5535736336176684
1.7075804614798091
1.2185004981796186
1.062023206859699
2.407524468399756
1.2793270611823437
1.777086187036418
1.1890232723499776
1.51407837863941
1.1044496090462044
1.663312040519867
1.5233766700759521
1.2447054430326265
1.6019208377450291
1.8224736693838988
2.022515302398997
1.4690268428894888
1.5318728210385675
1.1989944786339004
0.8215749545147438
1.3747882595643444
2.2055815000435497
1.8333410896618225
1.0405059121588052
1.8729199429774976
2.1061796290800974
1.9471398416395498
1.165199736618344
1.0326864038019565
1.5437795848050417
0.8774149411880234
1.711358554632878
1.9084371116233687
1.3923004586509846
1.5957699536326253
1.4318647359298684
1.3948076055968561
1.294527426760018
1.0616226024117872
2.022478927715033
1.5704614474923275
1.3505637673465454
1.077344306700211
1.4321053581220273
1.3512078243880186
1.6639149503746955
1.1069865912589472
1.5532185711485973
1.9558987103945211
1.334755721569107
1.6714699202989896
0.9306081169917438
1.5672026017817136
1.3109710452342338
0.9778310246893503
1.331634259100114
1.2904649922327436
1.9476487574674493
1.287085108778338
0.9787931260258512
1.0075494910770053
1.311255475629902
1.6503346312245126
1.8967917154447937
1.5052466476940665
1.8088576075433802
1.1138057448634637
1.9189567030510424
0.8011074817513456
1.0049090875519333
1.2426733190811787
1.2518644677371973
1.158112972033758
1.2134519184320176
1.2972586088505667
1.9168336320697772
1.1473722952451897
1.1741289391937024
1.3965948943028073
1.145825976766891
1.9635419332460138
1.5297252870514282
1.119729113232622
1.3489661260857337
1.4897723320918717
1.099067773904018
1.0961484580263323
2.235448660698584
1.4226794717284985
1.6906460298214543
2.415310740310513
1.1641990378716693
1.526976445717078
1.7164359391413941
1.2825721606663578
0.9161831839332059
1.5639696969970156
1.4768305659045906
1.3242200573284
1.3464106046795854
2.2130909262697145
1.441659154496816
0.9966581295523653
2.217392284198637
2.3602238392384685
1.7246273456557508
2.0494007824586915
1.4060687816335675
1.4256407559820057
1.5072182098088058
0.9687718256417621
1.397698701243965
1.494205219945615
1.5492188874933521
1.0724495713776192
1.3634162317576208
1.2205420083300564
1.0455588648888892
1.1628176727962563
1.5195179763694089
1.1969432540145633
0.9474592760098625
1.2796945034624052
1.1865331141754651
1.220411297859209
2.73934780504236
1.3742545530462753
0.9053933576056624
1.9256056388896978
1.099284044468014
1.9715918663417988
1.2282622239188996
3.775472448489302
1.3288600319002317
1.3914922313351772
3.4000641806291667
1.0657575311953171
1.2707073671946054
1.5892448886934536
2.147574982196966
1.7277463316367312
1.3687636859931123
0.9195895675955055
1.2115802591566953
1.0301823077614785
2.3493641371321208
1.3790065000646778
0.8963641273748941
0.8847560793343958
1.5412067129972653
1.6209940097533992
1.1758491491824559
1.1452224838021992
0.9860108622315576
1.0481900963856958
1.7324984039913887
1.360949175902546
1.6349627598476397
1.2493314474977133
1.1297990038589294
1.515431461992947
1.6923586822071894
1.0360112617942092
4.5442403214440255
1.8228374841389219
1.3760118669261776
1.8047762145237287
1.3112294031450031
1.337135541479553
1.6933704624788741
1.635689761146594
0.8324663912498669
2.6447440903683956
0.8767993725016217
1.47986675045516
2.4214500950445528
1.4584543364934544
1.2478287622250797
1.2444114019726384
1.359139919681685
1.4438741341850008
1.059026027015606
2.7835870328717003
1.0462238512823647
1.5224004274042608
1.0323137754539489
1.566031837070139
1.38366855569562
3.3433993729274674
1.7692044731057848
2.030769899517105
1.4544010684275264
1.2076486613599204
1.6000681264751662
1.6447736913437743
1.794458427968944
1.7409067322960454
1.2709962528450018
1.7150228417897282
1.8569617188869854
1.3264890200831851
0.9662477610720761
1.6578379786746602
1.1344397607110692
1.0361234277775484
1.0014985962588339
1.2854603225390884
1.8734294275820311
1.6956584912310937
1.7430705671667048
1.9256848947597667
1.2584147556517606
1.206381304122661
0.9278355412089497
1.4942427555273672
1.3840333757554488
2.1774889727818345
1.1997733188051123
1.3096225797892627
2.000016532944493
1.7677732759215863
2.250012551005354
1.756505013921703
1.328019850803519
1.6286186201636135
1.6165000677182813
1.540143873768131
1.399256951053066
1.4833131902106553
1.773769080115608
1.5281845405128358
1.324593550173936
1.3088254193163988
1.1590482532616797
1.1034086530773382
2.1080193381386225
1.1505536860633077
1.0128226573766959
1.2097741454517859
0.8952503504366495
1.294081876106206
1.1073968499451474
1.8600425257166286
2.985889179438407
1.2811832795897546
1.7823464390809838
1.0601703320151619
1.9756766491798308
1.7469052881733853
1.9138785746872078
1.8098252213622739
1.9523801020073424
1.3384095511363148
2.3998758982827346
1.2420018497400838
1.4941031762969428
1.3477134930922918
1.351764390950243
1.5402649122173289
1.255119955322512
1.4176057511989832
1.3881699690866807
1.5438777063421665
1.8719616770304377
1.0594919314142244
1.2490918347572193
2.0716721315644406
1.093177944816101
2.315057351685662
1.194881177579587
0.9711776808870914
1.6179217573208633
1.838558892407577
1.6959326091782057
1.1613772650797238
1.3499259094274838
1.3580512266291662
1.5806930294017008
1.5353668650585517
1.7344138406056933
3.131005487316505
1.2747492797965472
1.1340187034633777
1.0377955444278093
1.424782332870094
2.170290992654532
1.3683925545672277
1.544038384222764
1.5441865675810862
1.0251708758235611
2.0708832757554907
1.7174861486943238
1.7079618597645627
1.3970434953105322
1.514977906917801
1.7805061225979688
1.9472003760982985
1.1064695209941315
1.1141270126521183
1.5317587974382587
0.9731034681289055
1.5158128277605967
1.0716502280889397
1.6504535783266738
1.2321390264677121
1.4685533041718069
1.385243245617339
1.4274773410249444
1.071970260044014
1.36882696840474
1.484911013197621
1.1983357369192214
1.7247252728443236
2.5348883205212287
1.1105865698168007
1.4984686803724492
1.4168931848022612
1.6601826236302237
1.2664212783911593
1.1804900634401712
2.0469527144887536
1.8113940676378515
1.3506015356827408
1.3446875106056995
1.542425673774722
1.2068541487110513
1.8749888854756815
1.2571410748551572
1.2295188729187565
2.0385442728633416
1.6018123195771432
1.2865654048475972
1.9634882836212302
0.9412178448601529
1.4460561962039942
1.021652913993312
2.515316575390402
1.4568199452077784
1.132394301916541
1.4630143653893022
1.0281331738713138
1.2477238754905864
0.9932556767005879
1.919591955048972
2.0787482118485423
0.8728811097038167
1.2835406828877307
1.5150178126291043
1.6997586070901223
2.521480497208874
1.5350412781521374
0.9994099716470907
1.8332513850168934
2.3815548401334317
1.4994367780756956
0.9231313012389677
1.381981054322105
1.1530305618226016
1.335345098236737
2.312164638295326
1.5464314265574326
1.1185785169511153
1.7599875462302446
1.5841820295845501
1.0639913565970098
1.604329283383007
2.0457030815772064
1.3070705948761951
2.0155046545843107
1.400736390218896
2.0580317231744685
1.215042233785129
1.4867516169434807
1.1281868854417765
1.6262943269833623
1.1707708505163954
1.4763814692393045
1.309991207562162
1.5146338433780762
1.9730385271880402
1.7123764671676562
2.3953119446806346
1.7121757739183412
1.5252100564159294
1.3452443594918564
1.5153981995275867
1.171774691035771
1.8962692905668508
2.2075306677529745
1.5449281773211323
