0.09236876417988824
-0.03974142094719339
-0.008224290646638594
0.026607003488108707
-0.040842036900436716
0.0943313305363762
-0.09448443458237216
-0.018214938844061116
0.08098376561562634
-0.06544784645459811
0.06556462257164929
0.036702660600972485
-0.05481281953856114
-0.06571737818577712
0.08557442343409177
0.017416689203308335
-0.004363746860903972
0.052728814259232676
-0.18042556941276552
0.0179601711343491
0.07394021426896037
0.01890854589962921
-0.014968606919887157
0.07693894301516638
-0.13921454637753472
0.16316325040604016
-0.04504631684030005
-0.01797711476675806
0.025084147921610286
-0.032006119470073
0.09149061208508844
-0.0032398077366691076
0.04019543862267359
-0.09462379910021558
-0.004984853225247222
0.04177897551094198
-0.06185653275052242
-0.006157699641583625
0.05026398210070837
-0.08417936749103097
0.08244818735724296
0.005365438168777352
-0.06413882304052215
0.053401575064735016
0.02800653912457407
-0.03513400819502008
-0.03434128222417831
-0.006824682682480344
0.0855939113030132
-0.03093487982241554
0.0453606560218841
-0.09684811396960993
-0.002718707040463794
0.02453957181146926
0.024369464120277358
0.08059462665106186
-0.05712537760974899
-0.008951096923604377
0.024037939057293775
0.02126570427298925
0.034256109538387355
-0.21235972943660988
0.04438057499499009
0.1605079796232785
-0.14095957341469492
0.09948132702679904
0.05778465258642223
-0.16335244645490524
0.1073639567149338
-0.01992424458507311
0.05130101812740528
-0.2615619699268294
0.12195556281627996
0.15593746248507537
-0.11415754845042302
0.15491427467762114
-0.09056305870848787
0.030076430429257044
-0.09078412044814674
0.09765844776260152
-0.02042753510870644
0.06472739934336026
0.025809080481729852
-0.09851799217771505
0.0318945072274166
0.06643393988477155
-0.08921943941301168
-0.04566718279767425
-0.01659555003059033
0.06906538789119777
-2.556729704007178E-5
-0.05288869718090338
0.048187735366191954
-0.010633601220467432
-0.02980352310873249
0.09803321468294787
0.00914091034862937
-0.08508496836515324
0.06391049630341226
-0.1471498029074398
0.1569464933182535
-0.004679289652757192
-0.010380730329054693
0.01633668918025594
-0.11062277365866263
-0.0011648660204342394
0.15727013084974978
-0.026600591704518475
-0.003087821315697135
-0.03752197388191045
-0.040032400677695236
0.040376691541608
0.06800906763830118
-0.02904003842108872
-0.11727368455290635
0.11500850455836815
-0.04144849014145708
-0.09904931927799689
0.06588858882137043
0.019410146529823914
0.026583475720970546
0.09060797663739968
-0.05151890955996442
-0.22949383340066803
0.14207106278770226
0.09669043705075127
-0.04838164566203288
-0.07290923548054082
0.08211227392459108
0.0020872346558833267
0.06143461636987328
-0.0933649273677052
7.709772866447209E-4
0.10883728855682781
-0.18550577648678482
0.07327380786744876
0.06521271284627574
0.05090457852994662
0.002930701478028399
0.02349306216886262
-0.10125334443618772
0.008701461006042254
0.0024372473044658822
0.036115548335338366
-0.07437439185768131
-0.02624452026397658
0.13135555753322936
-0.06519574091643816
-0.10411713693721983
0.13016574713258725
-0.02417083441819584
0.061318915985928674
-0.10572906091138021
0.06239694397393508
0.02975392628333071
0.021931105300680567
0.0011179325857665926
0.016962905216384997
-0.021541884583662886
-0.06963151136239733
0.02362734974089877
0.07575136855457633
-0.09129220082495268
-0.0334224021455516
0.11269748059689273
-0.0577282270447401
-0.028213556726639867
0.010984613453031332
0.03727095405385911
-0.23560276009569298
0.18564987759513277
0.011609867289820518
0.022855795434174427
-0.021226939099359875
-0.06028180782116312
0.1200707607720588
-0.02781233658182308
0.057343534444579826
-0.0019659773893149764
0.037347545479941784
-0.10089903585639379
0.016070339547813634
-0.026515926533648284
0.0040033512616127155
0.07346618746319435
0.029352360155810282
-0.08681996585210935
0.053914443750891584
0.033396958188875864
-0.046441818205332365
-0.01755390561907459
0.011852978316021884
0.05636719727021852
0.04446690029603675
-0.10463933807674154
0.05532024029720871
-0.10226915291637917
0.0426900401101446
0.0044547434512760995
0.009542256944261076
-0.1021368498695725
0.033014009888667525
-0.03796428817386016
0.07701761841380204
0.013652476873358693
0.06858252439374259
-0.07095756306498813
-0.045616616575547844
0.034601028834883626
0.06929181020849039
-0.07016078014939091
-0.07514178240286129
0.06880084192096839
0.14052324413369902
-0.023942640219680407
0.005324655249477236
-0.035586224564793656
-0.05915733310139696
0.11772824442122484
-0.08236346248324367
-0.012961932141266343
0.08475447313077268
-0.07170989624230924
0.022515872671395883
-0.04102868584861591
-0.030569281205683342
0.04659092781834781
-0.07752377095996978
0.11150553827565839
-0.006865723559409362
-0.05289192211037725
-0.02432586994564224
0.07853476705074322
-0.07009278807445429
0.08691400221857176
-0.015007404827628901
0.04767672662589455
0.0012338180732226632
-0.11888049197575233
0.06645946804958254
-0.07990788444793012
-0.1266202673746542
0.27018489282574026
0.02637737313252304
0.017849838016565815
-0.012923029748809985
0.011648110051744025
-0.05222788777832033
-0.04214663293628589
0.08366631070856893
-0.1231584967328561
0.04585386547599458
0.09224758458288895
-0.02072471401797323
-0.006750558955304141
-0.06686554878888122
0.06956158944895062
-0.14323315490679467
0.2405810406790809
-0.10181758771270767
0.07900531962233406
-0.1484115680799254
0.1933861101921581
-0.05475223334986927
0.0017402202721539988
0.03345888084284495
-0.08772288568907549
0.06142317937193483
-0.11702119224510395
0.12863375336317656
-0.0819985968515853
0.037543544915201565
-0.08569723765800609
0.11938046408522487
-0.003201528655116615
-0.07485935906943139
-0.019724106099028117
0.09446521325271007
-4.579319960225928E-4
0.057112408939936896
-0.08013761132079661
0.04479706699737697
-0.1752035796589539
0.184071262109995
-0.03582736147531638
0.09267530698678583
-0.09069717949816192
0.015692167059052048
0.008909138485473391
0.0010007409542922812
0.01500350497893093
-0.04280332847819124
0.02272774785044876
0.07615360955949597
-0.1877624198977794
0.13937265025852646
-0.06874775985567627
0.058897234891325846
-0.1443344258876871
0.2660420959585921
-0.14105016877828183
0.06429489161275392
0.06139419773268784
-0.02972337406474928
-0.012689040441637139
0.0013877093974354342
0.03550064069941921
-0.14221835747768305
0.16857812698509084
0.010257172083411224
-0.1274409128708377
0.03849935685013168
-0.08028268672638439
0.08632968977033047
0.04383310251105161
-0.03600259106189829
-0.02378037888381129
0.08026488378956485
0.007087763052762278
-0.03185380970184685
0.01654717760311919
-0.035701487259746124
-0.03379083256381293
0.08616946069110071
-0.10556023893701603
0.02460047200650143
0.06923843965614224
0.0388474391818244
-0.004125021444142074
-0.11404945726211849
0.045357900085079124
0.1291598093006219
-0.14346022171847728
0.056330753293417184
-0.013246359306086532
0.03975776614578512
-0.09224621325674416
0.1687278019907098
-0.05409182776606158
0.005557622464713966
0.053974906350889126
-0.05309359986904526
-0.02174264252431986
0.1038225708569308
-0.08916803074137597
0.05521403448026158
0.022789828064402717
-0.127088845251751
0.10325526948800656
0.01673463313957546
0.005067472784213942
-0.005801277251742651
0.046547958211203194
-0.20340480776077452
0.13562275641276256
-0.02632040523767589
0.1105338012892425
-0.09741390901657823
0.02821041709722102
-0.004140643594397215
-0.03347541249489992
0.09142972868868118
-5.842103404055628E-4
-0.05532260447078115
0.0970662596820364
-0.031231321199151278
-0.012661505316772863
-0.14196999067601918
0.11821661254255203
0.06877671247197915
-0.06139811479901867
0.05605254399362384
-0.26784275726287865
0.3320633721889218
-0.07023931427127102
0.02106313433574387
-0.03989472984049729
-0.03356268575446904
0.10827436980931592
-0.1455969098618012
-0.028004535928988435
0.19869678443993538
0.0029533324144976943
-0.03501082922402658
-0.025101974669646997
0.017251119877381784
0.010205695325018006
-0.07110278322784887
0.06220230672993706
0.04547967278197118
-0.059605640777674995
-0.004365130877891366
0.049861961891387765
1.2537318875784472E-4
0.03780476067305924
-0.09350808219837693
-0.10232114318782945
0.06563143281842249
-0.010329261617494704
0.09602432152113884
0.015709100979362303
-0.046579434529224535
-0.1370115503221785
0.168151771850442
0.02642156649854094
-1.457634748617033E-4
-0.010257406765361972
-0.04475094837056184
0.0013186150192461053
-0.02305492890725771
0.02716202290586859
0.06391943824175655
-0.07750515161138534
0.09739147097195607
-0.041297205240584875
-0.14047959203012828
0.09981512015992075
-0.12882112328954093
0.1526547782218803
0.030197610348306713
0.0011287592395613788
-0.041078017321637614
0.060487548101475254
-0.06687925323634739
0.0025290163257826763
-0.10312331176667676
0.11400969892148635
0.03336169773203599
-0.02301260887689976
0.009030024361841528
0.030826580028015436
-0.042631052221916974
0.09307902163132015
-0.004845656238194515
-0.23617417826828896
0.2269363665452979
-0.06914189887520159
0.06631754135018805
-0.044776209312825006
0.06497826798660312
-0.0487060418952278
-0.006071221432237526
-0.001263474260654866
-1.2148319148223225E-4
-0.0050405854656772695
0.05456530060931811
-0.06067275388135046
0.026561775168572648
-0.10766221444017322
0.13201113495799455
-0.0037912360423679203
-0.06449458355174875
-0.02056353778242703
0.05137257542445378
0.044802838861208484
0.008353539275414483
-0.04742260710285558
0.013941968876373377
-0.06192492771048178
0.08467568439903647
-0.02141656929844312
-0.16070677625792884
0.140643728617447
-0.02563794798816494
-0.07759213792982558
0.1384566230345758
0.010544713715423603
0.043543946801575195
-0.0643811663001647
-0.019549453532773275
0.13937890278640627
-0.18222406504694535
-0.056684784425716055
0.10832053569610717
-0.005618694163113422
0.006036108110549517
-0.12645513526771965
0.21578729083097103
-0.027297693441522896
-0.0996460615247236
