10.433770524660078
8.581147967351784
9.115042717154882
9.538313397297566
9.692339590960366
9.379340390604712
9.896625967069602
9.582586002396292
9.94124298349093
9.59907457739792
9.562599793188037
10.400967237493585
11.00066508251213
9.801201402949875
9.633053725148745
9.529779623720412
10.01873261376621
9.208099226134653
9.028281947480863
9.30736342667236
10.073831984701785
10.562145135394598
9.949182074541058
9.41287953857201
9.47353016390434
10.245330908658005
9.614050287958337
9.17029452409261
9.540827004735092
10.513658474743073
10.091946916757207
9.401271226797201
10.621512043677267
10.17062319118569
9.448341857434817
9.01841965721344
9.876643026390164
9.516321975780857
8.524760727724725
10.143475221833246
9.013196841197315
10.159475987939084
10.625087715581401
9.380714338613492
9.254347012728921
10.014298919619636
9.200211892950527
8.989147496592425
9.836416246259084
9.78189292121276
9.20897178293043
10.599599069553873
9.369380288646267
10.098921978997963
9.32108933581345
9.749775909413133
9.383269378859493
9.789601947215552
9.80395518322697
9.324400263950828
9.890643723566246
9.434463186323283
10.096981240805386
8.495665441495511
9.427180557008858
10.26555925105798
9.39588228282796
10.245505550385205
10.118217341807231
9.848836019312705
10.56231729869586
10.03015570003125
9.481129962389263
9.236234363746648
9.717998342251086
10.015875430668036
9.237843915877738
8.870838297010517
9.920220409623957
10.057573396773009
9.658006649439969
9.259072594723275
8.890418548150931
10.561789629926823
10.003004452045033
9.335816574504978
9.290344616636746
9.59603255724102
10.02876190789927
10.081068511264526
9.530548192840946
9.872428229619185
8.970006085233214
9.031868899023983
9.623608533891028
9.296745751408936
10.591472542057907
9.873320278742693
8.775323532926958
9.994237576474928
9.628992554202473
9.39114510667496
9.095977236835527
10.142934433033423
10.033325654023464
10.126148189283434
9.724708987695701
9.356957418050706
9.745759614238311
9.865235667941183
9.63927822454855
9.473891520437508
9.723250066257142
9.064458751822679
9.630549136697597
10.276395584733528
10.147212360143756
9.236186878856318
10.242379029028495
9.690544579730274
9.4312430107234
10.052039855582198
8.980383393871154
9.194171797428508
8.734007357611112
8.777534164910742
9.311052166924156
9.19644270665285
10.038681805611553
9.657944111683845
9.347941423075955
8.82993403979375
9.871655398441904
9.30854028733962
8.796215903480581
9.34905329302269
8.872982909830435
9.261708760985977
8.525774781729993
9.123441879843948
10.07370201478456
10.210113264971584
9.0519126069067
10.247878325453975
9.784199514207616
9.485605954632916
9.873071051974373
9.618242168725631
9.957474931471792
9.54236362118584
9.25425256184855
9.844750725719212
9.890543639903312
10.276496650809957
10.247063612675309
10.198860824891591
8.927113458371517
9.173691532096978
9.653559967087196
9.780775053372702
9.862712334882382
9.18210513431488
9.4053091184334
9.57786402970385
9.487205221928281
9.3803175108831
9.584220914803973
9.800157481616361
10.467409419540164
10.366287296623952
10.358993836330864
9.508147253731552
10.100973983284884
9.428193583118349
9.155379013754796
9.384125936074861
10.556589771438444
10.560171936761984
9.473099659930154
9.211524932841423
9.751967358207294
9.42294375061017
9.933572763951442
9.28818569098089
9.699994758189023
10.49052591504322
8.886466917352548
10.52985224444755
8.821910082436
9.416996755506533
9.16055113080011
9.688159946473982
9.76135055674894
9.519164645256668
9.163239801524217
9.752681575242724
9.959685535668504
10.413312674690697
9.399499505968606
10.571306970268417
10.295949124989244
9.401293633545105
10.026976960275015
9.126575894844594
9.642835542831063
9.182617907872928
9.746386689006087
10.362276149140534
10.311280705862774
9.174076421045553
9.669063211355496
10.488637143826901
10.282035432935265
9.83663218610885
9.109523165102559
9.219439297202511
8.827528332516467
9.323921408752115
9.771883495998507
9.376996998507492
8.838243433695085
8.839265032503251
8.844141463776737
9.80307456096876
8.858154479230688
9.74744804696275
10.207182912701025
9.617624835696324
9.591862412229215
9.47786624307768
9.73410221387631
8.849539412831668
9.740066753382028
10.04622648677073
9.394392502123889
9.93503904789629
9.638328296837187
9.984785926942983
9.675437242257352
9.592294705888285
9.454025098881061
9.550683787996123
10.655712280598207
10.141185597190304
9.458787606928258
8.988960445735135
9.833779884967734
8.826412962819978
9.215756751473025
10.037374781889183
9.835555322827542
8.68998858778892
9.253150749107299
9.93836994051014
9.762549753305258
8.90399491527049
10.311192757787529
9.230099808729113
9.780650513096742
9.560581523960174
9.855532103532648
9.511212522592478
9.76832889743425
9.36034114184285
9.357635229651985
9.66957198234926
9.764561387360887
9.077818457928194
9.968390112649125
8.747514821884188
9.713878673802704
8.980208452799012
9.440403385326517
9.518305636967778
9.869383095080364
8.945685513859509
9.33762079345093
9.535637591125976
9.607916613971252
10.166760643449209
9.237506759468618
9.515723909195932
9.319772563321413
9.931475300652883
8.359983325586114
9.332356044318113
9.365021879115663
9.59023852973783
10.23142275426848
9.788792409873302
9.91666154394384
9.656278597796485
9.737974186913398
9.176000411237787
10.127749961396109
9.242234800117725
10.119754725993088
10.080360758069869
10.295846184862523
9.145428516986422
9.848297067023072
9.65881172982735
9.169213478445995
9.056780358833777
10.197408635499936
8.93282237798544
9.278901555196938
9.129696480466626
10.649756612898864
9.798416974660464
8.895355679680229
8.966742309402806
9.687700100123774
9.483886561475764
9.755244165963665
9.281736994692258
9.755433091005044
9.02991375212185
9.389914144606415
9.412329998149149
9.883962378286503
8.91135140604118
9.507689454942943
8.644784780268015
9.11095060193528
10.806992547965262
9.3721829625329
9.35846855271425
9.875477579968562
9.072376264294952
10.202876614298438
9.63553250753126
9.44219022366845
10.277718014835296
9.524838795178637
9.614080268254572
10.120914908677635
11.211032168873883
9.491975518407417
9.541050039249463
9.656893402552818
9.358234389399774
9.745935567830946
9.075183466065674
9.212219689867375
10.816631579113277
9.939875781463131
9.790495582214334
10.624146313520884
9.554005253679819
9.132769909437428
10.36297484075889
11.050542628329117
10.657067511037752
9.917336131463488
9.478857961230053
9.607631776471056
8.919471177564322
9.193806285960608
10.916189615424637
9.64187955216225
9.453247357608259
10.02881665941547
10.048621708132409
9.750607947655967
9.898475337243417
10.307768737820536
9.835927699382106
10.131812770161238
9.698918405751552
9.313296833169902
9.771344002231308
10.069082189761252
9.327518048187674
9.729397335373458
10.319567774821946
9.592009616283269
10.066926442267377
9.257783664256886
9.937641932603118
10.961465913745409
10.244936344018546
9.418346350924487
9.493755171123784
9.578072890613534
10.377543827244951
9.620011763214983
10.136607879810159
9.268596856044585
10.74218596766377
10.187185482490623
9.570682158849214
10.023157777866029
8.889985750747533
10.40637846119566
9.607287180938416
10.177696521039216
9.17455574617911
9.748384381132608
10.502044591692188
11.098332378611792
9.544454144743995
9.478036904344695
10.011385909489173
9.48019094701486
8.909762288883979
8.806988422918998
10.053464608668431
9.128795924515336
9.93244515009141
9.946606359574746
8.718459000194178
9.060588895099803
8.799513991317598
9.288186279218335
9.85356562101945
10.696552662961244
9.08423030500277
9.141644559863975
10.142776823413914
9.459271037216077
8.510912926974756
10.365420714491282
8.806716757689873
9.547461709740652
9.667347998485088
9.735103643242553
9.302704077434619
10.297633631372316
10.594763028217228
10.227864630627428
9.958848538108137
10.063231793437101
8.817979212169767
9.087693848735901
10.027094618354102
9.102854729423717
8.820920200400117
9.508410132649127
9.884404585385319
8.931622815569044
9.051717413412295
9.425405274960006
9.155328630944474
9.64836029837393
9.056611831726725
9.759387553565064
8.879098846699442
9.38957354751029
10.224012546234935
9.489474659925495
10.128788085107699
9.76503954945929
10.079837533397118
9.462261882276287
10.878368992243383
9.087451702738587
9.06948539377191
8.910323245918057
10.191388942817017
9.142747450100524
8.821785033260182
9.949236752235858
8.854937102465168
9.35132966776148
9.658893691687563
9.580465075016876
9.774850485589914
8.919937526293843
9.946244579449449
9.821837259472082
8.998820192646576
10.547307946530886
10.095732369919048
9.815822460155038
9.288976877379604
10.387861251069104
10.535765150087279
9.900206800008252
9.496374713635957
