0.05264007723635396
0.023108549730841452
0.003381815782258758
0.059430553380054756
0.0664041800357732
-0.09670851263069062
0.0861866987631719
0.0335392137646284
-0.06514548260133418
-0.05927000105815443
0.21135487815355633
-0.049289553876070376
0.029228495463598715
0.04199274677602434
-0.04824257360613475
0.11794562150388616
0.015817290984937202
-0.005062010446705148
-0.016163200008599537
0.05937247343579773
0.04084571485454471
0.11109770124987317
0.001479116251333
0.04839805841171216
0.05143472698997441
0.03551478349018036
0.0024256341256469
-0.03560806421404857
0.028351397624368318
0.04835764007192746
-0.017712859626183096
-0.005174591656031927
-0.01866307122470305
0.0549560081776835
0.05436780587721925
-0.12255633664346935
0.13811261452842324
-0.049664976490723045
0.0827522850431958
-0.005685177185589308
-0.01170778549102212
-0.007894253664864499
0.08828413586957749
0.019446448577488645
-0.16507683150528474
0.16880099403824833
0.002642528554479498
-0.0216426392038346
-0.01823068081614294
-0.004048679488540567
-0.08932621636082162
0.09806143931176843
0.05069344969309866
0.1337284179286608
-0.0029363144099690103
-0.043201933097690354
0.09471315371453462
-0.028977318719673118
0.021862033923248158
-0.029945407557465813
0.016269146560038153
0.06238140489219738
0.028200899762930533
-0.0022966042130945644
0.04178885821868862
-0.037148601925385404
0.01856142446428979
0.027373686406360988
0.038249163307843496
0.005102768750209065
0.07550664252509423
-0.03728966249901896
0.1315547421283081
-0.13529103418562227
0.09693258827812629
0.06456463748562703
-0.018519239265091865
0.028640522995192576
-0.003917908148258615
0.08793906624113766
0.05750129520697754
0.010852053965905894
0.07225756565037363
-0.05558051955481026
-0.03788900891890525
0.026926053502533798
0.03738062485483082
0.07507184032388703
-0.0492914576944082
-0.03140647445859502
0.09791656072241506
-0.06763103957880928
0.042650229078066135
-0.0413863536180667
0.003984718258126915
0.0044072552756594385
0.026847874546746944
0.0548029857192336
0.023639948058621886
-0.03745979699223778
0.0654114176886446
0.025580346395701073
0.035635938514472214
0.017159398340082774
0.048266285885106765
0.002317442009085534
0.13996498803834276
-0.1100995643454282
0.1750686916954703
-0.07094036862308632
0.14110018645533967
0.017670948318802435
0.00826136628303117
0.07933415260589405
-0.01339004587307135
0.08997262168344282
-0.09823227322333014
0.10631938282610368
0.010234402239428784
-0.002173964317105445
0.10282195536565447
0.014583985597322524
0.05689527964936047
-0.013341873390608796
0.06132489971922888
-0.01714816932426852
-0.003477030727303276
0.022265205286248948
0.07415443346593625
0.002464641968356628
0.029583576380754956
0.046861769270653185
0.005730267812177515
0.058550118376769926
-0.003276625110348739
-0.0030218009047317798
0.04769245077094508
-0.04523860198661489
-0.048687093141393425
0.14019934168657489
-0.07823148690300788
0.159885179597709
0.05268298993267951
0.0023980561657523758
-0.06523751000668918
0.030386900206163605
0.030382574617932645
0.0226638814519783
0.05471945243812744
0.014876045727472637
0.03292564898353151
0.08426460559760235
-0.030020163391183855
-0.07136687656550397
0.08878581523578931
0.14919183327304036
-0.029309899482639092
-0.03918892632957382
0.007407018889661714
0.06316299485965035
-0.010719612832156911
-0.05805737093097498
0.09482296501116738
0.042364365274139275
0.029937402571912488
0.02090607876252024
-0.004277426782275894
-0.07945867665755282
0.06719741143759064
0.0707221848414999
0.00941489791230895
0.0019079111421740308
-0.009753248581127949
-0.01405709427568106
-0.07239185486422432
0.12424074988119112
0.05808512926718827
-0.11962570740481718
0.07513282503009715
0.06050017287760227
-0.09117881386225958
-0.049644900038723
0.09868133482289304
0.029406216188111636
-0.10051726299845459
0.07972782642395267
-0.030209435184653303
0.24345552169773949
0.028674160940934536
0.06543255291369242
-0.0538091932717219
0.0469746962890288
0.0041439532840362135
0.031739993386154505
0.0344256229468518
-0.029780282992548958
0.0669577462931447
-0.03263845959284528
0.047613845983508145
0.011966409692294672
-0.04426654182221563
-0.0846471492069409
0.09819665890148194
0.060598227468774274
0.04003808368470093
-0.08095694857448789
-6.498454155114455E-4
0.01520975322413639
0.07735741203360878
-0.00425186420545758
0.007729301097581713
0.09570085296613234
0.02286801415159512
-0.01990154961405429
0.1590138903420179
0.0029926761435965636
-0.1753576995142016
0.06591649439099008
0.1563568610747733
-0.0017318464457937426
-0.022447949588708476
0.07727752767138629
0.04837315977707619
-0.017404427847978538
-0.04776853689931067
0.13848424699054362
-0.004375385522317809
0.05090651713730658
-0.0787579987796571
0.009945183637055485
0.03397533603348768
0.095508815751155
-0.018006210749548408
0.0019794637132489095
0.04010491426588177
0.02728973328029532
0.0721809795202436
-0.011857752644129985
-0.03501520776175441
0.005971247381697914
0.12524777107712642
-0.058248396507101015
0.061090085720549435
0.09288325975247222
0.07053297177513412
-0.07779092872133853
0.09414603394114929
-0.023515319255370634
-0.07265107379059746
0.03661767626252348
0.023145478966654077
-0.01281025751663128
0.040099407660880756
0.06831957212268594
-0.03587656413106027
0.13467695812547564
0.037561723987204865
0.013960463188509064
-0.029640248819339163
0.07008865282758187
-0.01774431342839648
0.032029514010834294
-0.0709812101513353
0.11373449289300076
5.588238475044521E-6
0.0627768519854789
0.003523507850500059
0.09835355065118372
-0.07521069132549527
0.00935927527096218
0.13750663720641934
0.13989634783573043
-0.013529841293200454
-0.022534861590470696
0.0532304286129709
-0.07790598672353419
0.09351403609495754
0.04222774611163175
-0.02722357141714197
0.13146065294815273
-0.06458767957519629
0.0629878257937533
-0.08306965433644743
0.14930498780103577
-0.011286768955163042
-0.003976209528014082
-0.07770822413092969
0.14075207516452115
0.00894818098598417
0.005099139181600984
0.005377414743970555
0.04076564130034856
0.04485071544062388
-0.018828288369210636
-0.06586741004573823
0.07751389466529231
0.051915516210939025
0.031985883906154
-0.09861137832204857
0.09749843107855947
-0.0755362291303587
0.09158150405484577
0.039230066493730245
-0.011950615981181939
0.008382972671879136
0.02748805449336445
0.03731648889554742
-0.05219107374137357
0.06870627124744615
-0.07392507724333416
0.10456651023899798
0.13452375507369072
0.040116437188273825
-0.019869986415905223
0.06771024255587615
-0.010515015118867195
-0.04973678346248231
-0.013789382620795567
0.08161403802265976
-0.015430677249477148
-0.0041093580355251545
-0.017474553634543644
0.021198064007111397
0.03575666696588585
0.04392944057887542
0.012314974706370144
-0.016972892166943157
0.0962222858354334
-0.1330807703265159
0.2136662360480075
-0.048228829983979614
-0.030364393294419506
0.06899770065425499
0.052130099659178655
-0.04172170808238749
0.014413363431290094
-0.0424422360314002
0.1203558638731765
0.012740147830575933
0.05718138749605077
0.05180292659257025
-0.14223302924758344
0.09786496025684915
0.0893809805613773
-0.15813107242185576
0.03622670843561243
0.060851522448472285
0.04657134154562459
-0.04938557118250421
0.12797748238164114
0.07053319365653803
-0.05642858929161673
0.0016380953046213674
0.03015530250431302
0.043711423042449495
-0.04493007173328233
0.04425285228772801
-0.02082775105253764
-0.020599599709615064
0.044580580898751394
0.09134840899427984
0.038218361866330194
-0.08014853929803477
0.1785310966465237
-0.06883960736692891
-0.03046473239448303
0.07042094958250127
0.3215520442457527
-0.1668519055286869
0.08947004089147569
0.07719918037876797
0.06194602713275
-0.038626805299947074
0.005211028280474716
-0.03172416063749437
0.09017363816196718
0.04409806102152397
-0.0692155220883108
-0.022661691982284425
0.11257739173315576
-0.17306261761017191
0.3704467680028004
-0.05634838067327088
-0.12014266935120128
0.15219322560712645
0.06969928354126706
-3.16611606386316E-4
0.05775519411519222
-0.15154716916174357
0.15417464269806758
-0.02659776658732749
-0.16848680429816568
0.23737958319366365
0.005000314147726804
0.06741194361364078
0.04129713071954715
0.0481129115095187
0.03196409523217542
-0.0195125067904618
0.09804902451191154
-0.048407926113037465
0.10283148833530087
-0.02644735081343304
0.0734951708786424
-0.03503575896250056
0.09437614876872595
0.0077481174053086735
-0.05915833394523074
0.02927599388956337
-0.031803057614374776
0.13572765527832326
0.034743965081202734
-0.2288516647764832
0.24524985699739427
-0.06074263928394312
0.027357774101676134
0.12078634880443583
-0.19320152832291246
0.16568854992717436
0.03139953105022619
0.0213425866846024
0.023465841532775686
0.08822476387570678
0.058965553141752995
0.011067761103434354
-0.07090031554028929
0.06545366709457554
0.028441880377365884
-0.013458878501792558
0.035917090520858376
0.09843280076612201
0.05162948527671491
0.11342714247216415
-0.09358525970139032
0.09788048791142571
-0.01827318288643547
-0.017708606571881214
0.06620884462362159
-0.012510672576706088
0.08719302915755732
-0.010114928143949261
-0.09585025659473603
0.1573468274193997
-0.08388892010964309
0.06568799184401805
0.011506432624678676
-0.16503325846198946
0.1796817876324653
0.04004126727383338
0.0774094353410361
-0.06475763946237327
0.019335402089260625
0.039767079205809214
0.03952464808338595
0.002615022523226179
0.005891818025375603
-0.02858108816898643
0.02074588958297773
0.010094801263006577
0.0016878904536631414
0.09245409959144543
-0.028312893424262617
-0.008857973121132122
0.036386872615669814
0.009755741566445623
0.02885971654974615
0.06399681012678167
0.004824091010405829
0.02979989474166388
6.785464783135874E-4
0.012700452460963504
-0.006073315255304824
-0.021858981561866997
0.07583827657796645
0.06226576657632636
-0.08478581802798249
0.057388485432326844
-0.02334101555625855
0.020898660857696663
0.012264827565464063
