11540.041637186729
12065.07085399964
12574.971487548764
13082.179141820454
13665.439791489618
14199.526308115817
14744.117067220015
15300.302490268901
15835.981541396555
16390.76997519058
17009.43725844335
17544.45432089029
18148.619563471646
18740.720925559694
19267.08140589152
19758.117463959912
20274.564970444982
20864.767662862327
21442.7458621314
21923.040043738656
22452.93244450346
23024.663157406845
23607.972216276652
24162.674033631218
24637.992721574967
25203.1179264762
25769.441219559765
26342.064889428424
26868.739167692802
27418.521408559223
27949.82395036343
28579.881421820694
29127.227589050337
29637.428598494724
30239.819023979067
30871.980946621126
31528.430956056774
32177.878128364617
32793.47147602987
33452.41067491663
34068.16028492858
34606.43842235285
35221.46775194009
35818.3432512577
36351.379186142854
36886.47356564609
37476.78753346715
38046.60706023872
38567.28802184977
39094.65829638157
39669.78584896483
40226.07018035477
40759.46324892079
41299.70038613509
41850.98452764232
42405.29909607702
43013.77516544557
43559.21872382812
44117.500528354874
44660.801752202206
45224.29888043195
45762.83254588757
46336.52907105375
46889.89382228671
47446.54177712576
47952.66679942395
48474.33821057312
49067.32762551889
49677.296248602805
50272.76009448067
50802.29122940043
51327.83331486933
51872.83324839843
52437.90000423569
53008.81211734703
53578.59213695371
54223.729657346754
54745.131447678796
55305.87962383287
55845.888378930846
56420.418851649454
56998.80594683181
57613.38640203992
58182.227569933166
58713.86202616417
59327.21098773828
59962.95460511794
60534.50134028029
61214.0325362831
61804.50684377407
62356.76217704742
62898.95322232523
63410.16925627397
63954.627087754525
64492.26139459858
65004.0017778025
65469.18203208283
65907.17324632668
66446.19787526173
67016.8971898308
67565.19094852483
68101.87918379034
68626.20895660672
69172.76035383518
69773.92808950416
70361.63906703604
70899.35887254376
71408.97871654377
71930.37030918634
72430.56067192741
72944.73365291575
73393.25015962134
73854.5635852596
74348.3135939765
74935.00688707257
75527.04982293946
76086.10492436265
76667.08470770628
77210.25351904852
77733.34254094074
78276.50613178423
78873.87827265328
79446.83144721105
79968.99262665836
80556.45907669408
81111.24361420436
81704.41167769038
82313.97843719606
82928.45903193332
83421.57032510717
83980.98659160703
84569.11698749842
85081.87109032295
85650.71163543225
86283.77804596203
86777.4977688588
87214.01781170146
87725.13080912003
88267.40561879791
88893.26757226727
89408.74431106349
89903.04579136061
90479.81329381836
91062.03161272315
91616.52681902694
92216.187927691
92852.83438753415
93469.48604413612
93985.18079586717
94438.47080717063
94927.76622310272
95450.53807493184
95981.54473442472
96479.64812957711
97018.51630536876
97580.49183561401
98118.03938350164
98709.77873071052
99253.7688407562
99812.07698579316
100378.2666248485
100936.87500124855
101511.20188589979
102043.5167665422
102611.48070096741
103133.20589915676
103729.5522805599
104235.09705389194
104729.12819005067
105247.4706908415
105774.35463620147
106286.48734531528
106852.72251077628
107419.78233170802
108023.35344094683
108667.18972584738
109223.27824325132
109767.00352798178
110342.52015787312
110959.10813510584
111547.60019989657
112070.67711014845
112655.28871308158
113227.39042621225
113761.8389474856
114303.4589168991
114848.38322701154
115487.07555434814
116130.50588851345
116704.53608080007
117231.39695568588
117821.50176178875
118418.09588023035
119032.59162469572
119597.4242474923
120198.41276116243
120803.52535135298
121359.55645266402
121884.00960698006
122499.20394296774
123101.12669009135
123640.49251896795
124153.99234091335
124693.01325265336
125248.65221634229
125874.48257827242
126400.54877568557
126975.23019642026
127548.23294918588
128070.09485291617
128624.98106111014
129298.88362105098
129940.86650948098
130530.64410142427
131102.77815905088
131639.21971427806
132231.61526673008
132871.51930328636
133425.04962851419
133984.2051581029
134504.07262149922
135002.8409318175
135567.04998227145
136105.4272839835
136666.25832442814
137294.47512028622
137890.84775326977
138416.03136883877
138930.74906652264
139423.5435377593
139969.87234225587
140540.14808280865
141099.72720597047
141618.35819598992
142092.6211215005
142541.39455447588
143048.36055439853
143605.09911155936
144203.21757055027
144824.0403534851
145414.8026097914
146009.74918544453
146586.24141253962
147188.07812182998
147792.77927969347
148446.6164808556
149054.76098484837
149664.80202466296
150228.17614169454
150867.53027855963
151416.44691700517
151941.10341082368
152568.70306666312
153127.65254013994
153740.21839607644
154271.0191357597
154798.84803156255
155382.59352406077
155881.88081967182
156380.51216727568
156886.67239278843
157498.3733940895
158139.58367154546
158653.91006077334
159131.5675086286
159641.688935884
160119.26704829733
160673.22592861176
161241.95679061295
161812.59666234854
162346.94029350413
162896.3565238666
163400.00988978858
164028.6426523077
164621.6927460712
165142.53983259792
165707.62762684646
166253.88497679596
166765.0008409537
167371.09200233192
167948.22187740603
168453.95340887288
169058.18895929315
169611.33765279604
170108.05538351732
170580.55743555466
171142.761042486
171763.0872917962
172392.03315428522
172927.88248825644
173431.75505459774
173996.57926082335
174583.26243064663
175168.57495312623
175741.81067495115
176334.0738286309
177008.01406848553
177618.86910532883
178228.0664317423
178813.62954652618
179301.6465264926
179801.87239946297
180363.82284407265
180904.60040494273
181411.39885352753
181934.69237815955
182523.61566416195
183087.45050353862
183630.11057291116
184212.22316042072
184734.46268906287
185368.3543128496
185953.64000198076
186503.28752068226
187120.84769584786
187744.32243382174
188379.43383413646
189020.4491563998
189546.27240800468
190124.82298858734
190752.5109428382
191404.7919971121
191939.62305758154
192461.51009021918
193042.47409406185
193622.73718756528
194174.77910285187
194713.4580023345
195246.71699388383
195767.78922160628
196305.24290806457
196864.66934651483
197469.8035869009
198118.3179980943
198702.21352688642
199224.8671471965
199775.6332966047
200381.99737557597
200952.93463640852
201603.76170455173
202181.18409617973
202773.22610766836
203346.75118053498
203923.3528577791
204539.4861108346
205119.05153724205
205659.1228970166
206239.41458749172
206747.29917147284
207331.80979453228
207917.69678216323
208432.24553155692
208951.72951391942
209520.36816833785
210125.4215942244
210661.9927647722
211166.43543351913
211759.11134881468
212261.20862205853
212830.17179414871
213392.22102158293
213972.21770415435
214423.40931275385
214985.52758676
215570.06005264426
216165.65616293653
216701.67504749424
217222.07990207904
217756.96762893698
218363.74602417726
218979.73563188247
219564.4973045828
220149.9215601628
220658.6876484167
221183.1763835598
221730.33752164865
222321.30716758256
222879.9834990381
223410.10787149513
223944.95632148
224507.79715952094
225136.9310259753
225770.88499950588
226322.74668832016
226831.54950463487
227349.22324446338
227906.77413682055
228439.9446382577
228990.04426782602
229569.79321010804
230155.04997931223
230715.3425301261
231225.92016440214
231784.23491502053
232397.42689289906
232944.67566724087
233499.04316004185
234045.89804689257
234606.03600710598
235170.91022259262
235809.1740635874
236379.84571843065
236902.85842170246
237446.31492206786
238021.49196616016
238554.66541224503
239075.05848954292
239662.9262795293
240324.3142114712
240874.49267932205
241459.07536270563
242029.39996955977
242603.2419318949
243200.8207271019
243686.1168732884
244183.8994656274
244722.48191051141
245372.4273046782
245986.93298226467
246529.81724078627
247020.88858529108
247555.33515869602
248107.51176813155
248634.79128434864
249113.5111378071
249617.34345951478
250114.5580747077
250723.00966905153
251295.94027453673
251867.45502669705
252423.02565912908
252894.70386959455
253433.8573766132
253943.20310424137
254443.00525531088
255001.48914791783
255582.13514463074
256154.85834281906
256664.44497678155
257258.31499033427
257779.70203350225
258295.9377445495
258789.85424825022
259321.92459191743
259870.62452197104
260440.72817289617
261054.66274805073
261577.68742066756
262108.60468054883
262694.29646675196
263380.9543054224
263923.636573043
264445.7538848717
265051.04965856904
265579.13475262903
266112.4664289227
266725.8802098525
267334.0699008384
267896.4302197479
268509.1505041603
269062.6845825642
269531.55075522355
270015.06237460236
270591.9572131602
271180.56270691333
271822.0531863049
272422.33360217797
272967.9813182468
273567.42002437345
274212.8720793436
274873.1123791823
275479.70092864556
275970.9877680378
276564.149345123
277145.38049754105
277699.73467165104
278188.83116774214
278654.46455941803
279204.3982256166
279815.0108187005
