2.138840956350065
1.7272671777114303
2.0671750670231113
2.1825293419218683
2.0741036311602485
1.8192458455250606
2.3795649690704535
2.037099526597085
2.0160890241346094
1.7926809865983135
2.2892079682583444
2.7208365360444167
2.0499565357020004
1.9873044236242325
1.4704590185498874
1.7520777135318442
2.0481316148979976
2.411849914891983
2.089322348294543
3.0516756058733105
2.0025801576679685
1.7703616610451438
2.3308998865263684
1.8889856306002644
2.1379480366470647
2.1164310388788956
1.6899677975985896
1.8662932274501836
2.049163829316948
2.3923243645645837
3.053861770667603
2.3965926195090645
2.643577206942797
2.217898796124271
2.4118616332530856
1.7110638524963255
2.1781781180394786
1.9730113613986529
3.5499365550254285
2.3007520559959374
1.9606476453457604
2.040709447310867
1.969491087920796
2.1409114926860124
2.159985806412496
1.9453934641848682
2.165884182631804
1.9173186673535596
1.6117491191003193
1.8585990117866655
1.6616924273208107
1.98948250132941
2.226658349496968
1.5825242102980397
2.2814696380160364
2.3951951261609725
2.7556248190570978
1.978279660617078
2.320368666509964
2.048908139441392
2.937209761862769
1.5920911576327872
2.052482891333547
2.564741093597702
2.2774914600586147
2.0043351109803966
1.5305727014500206
2.8054651871173144
3.374080135529825
2.159425440640524
2.447001971703933
2.372137778238157
2.0158479590915426
2.498999488995213
2.0950687855376646
2.4098617367628115
2.8450797479480863
2.311549835136396
2.2050372224672827
1.9433204891824312
1.7489492075313449
2.301295757057716
2.224639673552267
2.1343001166880446
3.1006907497050533
2.2874983793443198
1.8791696388926677
2.7333185620902816
2.251926441012933
1.920927114227978
2.24941665705546
2.3984682912764894
1.861595339612637
1.7040214846087336
3.1524079944046117
1.9746035467377712
2.478445204201255
1.8613728635883513
2.2292669816055883
1.7675629350164004
2.334121085878165
2.210599645943159
1.9150545303762125
2.304990704003123
2.513829483826996
2.7468212927768656
2.14803123174105
2.233479853212364
1.8501742696982082
1.437391174249921
2.091770367351235
2.8580074417169765
2.5449720895082715
1.7124935688929357
2.6090625879393494
2.8609295335471985
2.6466035053601993
1.8077832435766084
1.701754665595541
2.2204510761730734
1.5004649600346451
2.4202967836280123
2.645063584151873
2.1010979159704464
2.298514388998089
2.0927965729654887
2.028703004410207
1.9685238393656816
1.6908347360128206
2.7434377972929034
2.260656043887467
2.016983064814578
1.7027034925301434
2.1175559305898717
2.072355877515174
2.3673887804060385
1.7424176887185578
2.2615957498090546
2.658980981469054
2.043363763813381
2.383319296354717
1.5885022429453213
2.281658973484671
1.9900364756936946
1.6211958775917938
2.0296493313465103
1.9813875761965904
2.665221519634925
1.9558540751879567
1.6082413408571485
1.6603402814438053
1.9828108647904856
2.3893575297917815
2.595917257699734
2.181290122830454
2.48586027585149
1.7649159073799365
2.624182210917822
1.3948000798769815
1.6298746082551698
1.9116974862907967
1.937380308519166
1.8306450584311438
1.8743855918391343
1.979502667769581
2.666101187573794
1.833441905497205
1.8516522468277423
2.076208770092569
1.7824589917202303
2.6797942565721145
2.249484861170211
1.7937243258954754
2.044115431645384
2.1866349796516618
1.7529225858379032
1.7421146213413694
2.938722745142688
2.0842225248933475
2.4188512219436693
3.157354397007442
1.8507609823692939
2.230136258955444
2.4697840494454444
1.9839990595902324
1.5815619466526272
2.2450963744487193
2.2031310132345197
1.989477244840257
2.03716392026155
2.951936415018856
2.1138768131345795
1.619978601218245
2.9607261946927763
3.069580072746625
2.41473325084828
2.820699453894645
2.1053709806023977
2.124702675391768
2.226191321706179
1.5863152052635043
2.067709275502916
2.172137651527674
2.23484632574692
1.7441865053738006
2.0443973025743998
1.8600689669561723
1.663245759516524
1.8436203648024556
2.19815629171722
1.8668327288162592
1.6083451607373018
1.9459781589607166
1.856239619806832
1.89418146876699
3.394383492685653
2.0488472943606775
1.54316547287765
2.602914087632732
1.7388129028012607
2.685630944877084
1.8935454082168757
4.562715837255251
1.9960479521795025
2.0798378129095436
4.134698187560467
1.734301020866367
1.961459255858955
2.3216297278898437
2.874863484239207
2.40188909934118
2.0275159113899406
1.578992515164868
1.9090486819940473
1.6828919272183895
3.0406260714112983
2.0142410830751345
1.4946525022144173
1.51925857379818
2.2035925337368414
2.3138973990904526
1.8420466082905118
1.7625401517012538
1.6341830348008972
1.6879824733846525
2.4420333128891625
2.034049875562001
2.334538783833566
1.9317381863785599
1.7931119912670292
2.212886532742238
2.383717948662484
1.6968677211673482
5.298193239145584
2.529243507412227
2.057768970431608
2.5428592524342877
2.0003104680048795
2.0253175298892043
2.361147430822973
2.342960664762848
1.460643964983769
3.4238836129049206
1.5192670938889563
2.155309110607335
3.1650201420303246
2.1875519859871746
1.9168541704169761
1.9086359529810548
2.053888585519653
2.0910001941760004
1.759020483046617
3.567967911798018
1.6664875595524753
2.1923554432310994
1.6859232315342398
2.2458740869856824
2.102790715517926
4.074125313724166
2.5277206383344875
2.7602750769691307
2.1314654206022814
1.8685442835355133
2.363424684999198
2.3299808589527116
2.504752786496165
2.4603455790400894
1.9253438017185494
2.425776706237025
2.567173344606557
1.9662392104894975
1.5755017231929234
2.3160376855624247
1.7818638320489828
1.712214008427452
1.6635194801229143
1.9302021681490287
2.629883253977979
2.4186373469510003
2.402577282498123
2.627530846028989
1.8895217319940254
1.8954927927574234
1.5366277175616405
2.2052512126717447
2.0281457340921842
2.9279889893752213
1.8876748934800651
1.9994527281812422
2.676115233147985
2.5206380933679484
3.002116573017535
2.454966392396184
2.0108034450507914
2.2959463624868914
2.318521734572976
2.1866294035969287
2.088847304655662
2.206288216381931
2.4817650667253592
2.2742532245963982
1.9952276699525464
2.002644614320731
1.7936679468421806
1.7651865990891251
2.811494677197243
1.8059511703002589
1.6682711348520314
1.8653205988992023
1.5331536752056252
1.9652499571911297
1.739293011705247
2.611647791811522
3.7086937130171203
1.9468288625306054
2.47958363322286
1.7136897528565305
2.719944344990755
2.4826401173199226
2.6422584993754903
2.559038700947254
2.688816537617433
2.021415744378629
3.142072998751799
1.8925126078208638
2.1591089324141675
2.0424497764879606
2.012323454846362
2.266309167844086
1.880909110253503
2.098541789874838
2.022354859936775
2.253125005566154
2.5848545725974406
1.730572734236392
1.9098368034383284
2.8439801323012603
1.7256599337029044
3.0571105164171812
1.8860977605029243
1.6186437866772299
2.2843300215950113
2.5367008484836413
2.384813946010725
1.834107313843869
2.0137802051633202
2.0216049426999354
2.2601483606080577
2.1865253559170146
2.463053136320514
3.862195670010229
1.9220923301377217
1.7690777719847568
1.6796258928826253
2.115611724154156
2.9174408913637526
2.0189531498372113
2.261237148185271
2.2300618377663177
1.6798247060130433
2.7892177489347834
2.448996601362559
2.4014773596080436
2.100344997850696
2.1593311420249997
2.493218831937343
2.659548431943265
1.7512152233864793
1.7612601654234485
2.2248759922254426
1.6240121929400508
2.213188008975726
1.7153012751043633
2.3606571268525345
1.9041431455852882
2.2024800297148777
2.0931066136073913
2.079055992685489
1.72911531990802
2.067793213610373
2.177282319001135
1.873925801222835
2.429664847029459
3.3057730321847147
1.7718227397146844
2.1749708059167485
2.1042848953323046
2.3747515409188544
1.9430757844552942
1.8419546403154832
2.7760570621673417
2.536637142140502
2.0358704671205383
2.064435914675946
2.2194597569614145
1.8963981688671576
2.59921166730209
1.9039968240253116
1.8890756947979133
2.784030481553144
2.30344975522353
1.9586971022930355
2.6932379871655665
1.5859778424555342
2.0975411432050017
1.6877361692138697
3.2479366136354852
2.1714011641477606
1.8183452632376846
2.183015910688029
1.6557071211762935
1.94896302831328
1.629440123051939
2.6302456326456696
2.8218339441570754
1.4757701109112302
1.946553300558847
2.194853955458733
2.371281014074931
3.2605738908088395
2.186432714145429
1.606413625242504
2.533911284349075
3.1353157922075594
2.1897433103437267
1.5718864249880622
2.103647990747131
1.801462859947537
2.0073887196995903
3.014084547668244
2.212003019680626
1.7917304799346723
2.4586180694083897
2.279833028286696
1.7073547402953035
2.3099274412825497
2.7326905330225713
2.0167245451922953
2.720214706461217
2.039710412149086
2.7639460062412278
1.8856211153504334
2.1498949499208977
1.7928734223604905
2.2955357722444996
1.8627255050785516
2.1623141947969122
1.9945303724902943
2.1976629823020315
2.648737950573608
2.380538831709367
3.1275187521478283
2.426016602475814
2.1924221113994413
2.0342877289808214
2.186477877414581
1.8494094629744346
2.6096886335738683
2.9383252964657975
2.2487505781553963
