2.5539536097402777
2.5050868610870287
2.5436526504744785
2.6681572174769914
2.6569051539952304
2.716315870129195
2.5261944666434815
2.604505802310457
2.5301953608634538
2.6550102658673986
2.6229487602185815
2.593024279742191
2.6322926018099393
2.497305186516871
2.445917258630369
2.495166520288627
2.7539976135116353
2.6579121562878525
2.5565577456879867
2.60829535658258
2.6957695173283396
2.5036262071487334
2.655282033884613
2.6692392894576704
2.5784174187978293
2.62437471039996
2.4705249482077187
2.538100700336813
2.5427847160437076
2.667677989136201
2.7442090246627657
2.632190631824696
2.603780368396236
2.5585118821490327
2.7661034854116364
2.349326160865861
2.567247077127545
2.649721578010104
2.900070180094007
2.6567040857642583
2.6982249777107166
2.5586531841218276
2.561802951541882
2.8152002945725942
2.5901984033979137
2.60861453138182
2.63111559266763
2.6019337300652157
2.6048511602498037
2.4942016693125826
2.578443431238031
2.5199763107594744
2.557716681519886
2.6049620593940546
2.7399359580055145
2.6940935296847903
2.6726957196064256
2.567103956664812
2.6409666853839298
2.611066039225978
2.6869896762070273
2.451245194881546
2.6905017086224685
2.7290789393665404
2.586476083039914
2.583416974501797
2.5442435538870427
2.603336754748637
2.8291713436337256
2.6956256685438795
2.581221485164936
2.7243415904327155
2.6433767033584865
2.623964105266329
2.6084611528613317
2.6033560325601646
2.7194717714312078
2.66361656672673
2.598749106640785
2.581191861963357
2.5334675193654412
2.6796366572245764
2.7035371961229875
2.633212326133016
2.7653565903961197
2.6646289910658427
2.5540889312251185
2.546518754859097
2.6617946243196946
2.5271502422809506
2.541778949518344
2.5669598590468814
2.4657639057500145
2.52330932713635
2.708653807271802
2.6500008023617783
2.6834184557883742
2.5544254956724877
2.6549751205903984
2.5379593212331746
2.6579756546244924
2.650768294879924
2.468852427899795
2.6456577257180682
2.7236414407841685
2.6416617134977143
2.592323745000096
2.4628174765109194
2.569083664791497
2.49552439006039
2.7486980013711326
2.6986964407990794
2.6493390773158443
2.602786747455181
2.739870882740121
2.699707072688666
2.655210646511792
2.5290129580500493
2.5548949110005137
2.6110310170283952
2.3850000623606995
2.737746272535372
2.7641749960014232
2.688398969247634
2.5857305500790257
2.5435904383007526
2.5622150091984652
2.5779256845236582
2.422710108428731
2.6082215195193625
2.5137363501606815
2.628751635431056
2.440528733091946
2.5672769327944436
2.6494317232535884
2.6235957362183986
2.4861137270590006
2.6552620239909346
2.8981677556141676
2.643986916323089
2.5433072203817395
2.7009302963940818
2.52405804878861
2.606044999951533
2.575352534085323
2.682008195580889
2.627884214903069
2.6295055281524458
2.6226135732471265
2.440240176418135
2.565900405826118
2.634998220203643
2.7273063024431874
2.4675986352908605
2.5836524107356484
2.6095784069961665
2.4825731282091263
2.640169305021097
2.3565961685539443
2.4385187366198786
2.4687358451166093
2.6340192435153464
2.514148883375637
2.485856965341242
2.5855795666381205
2.683652112636308
2.6215372846175122
2.528507909765066
2.521091174023944
2.4011949795138197
2.6175716574767276
2.7242468090662273
2.573646063553389
2.476615584118392
2.611709848276052
2.575896034841193
2.520488258713116
2.5890683002940134
2.612333801551397
2.844207845222924
2.6997606027797754
2.559804352927826
2.590229291106685
2.694184102596451
2.6721954315802456
2.571455094002918
2.6608939866254167
2.671905857698117
2.5542151065239342
2.544082876414911
2.7124535072572615
2.5236636795748946
2.461274351452918
2.7449407493580353
2.797283266703219
2.495622605187233
2.7455933206605674
2.606417892291097
2.8019808579258054
2.6316614121502124
2.4242443606782516
2.5979403231957563
2.5975174663012015
2.575120298016781
2.5653118499262852
2.7106623328233406
2.565010346138702
2.4277947808876856
2.5400069672920345
2.577253465514124
2.528098612027105
2.489320152286632
2.594016725592411
2.488312189001876
2.654370268029601
2.494588579296477
2.5051881473545725
2.4785626279619186
2.7488706549367
2.6220128153255318
2.67277497589621
2.6526656351052678
2.9108378868676175
2.4437725191334034
2.599819629112222
2.6713652662581753
2.5086484571727063
2.7367634240708436
2.6635224239855986
2.7580641013289826
2.605356646815482
2.554700239359817
2.6451521531425075
2.6277348612395937
2.5877779230690146
2.50991929392327
2.3997566808084767
2.4969153567606326
2.496677941126936
2.592288288061025
2.6338907434884162
2.630508945707261
2.4809702825204654
2.5649038701151636
2.6315802501896033
2.755479302090709
2.450631313680209
2.6070514681181374
2.5800167996864256
2.5642419322577483
2.5656529717171686
2.5750609331546808
2.5265297687495023
2.6819665955014225
2.679750482443237
2.662129678723868
2.6655646133237667
2.5467503154807054
2.642764146461407
2.540851015639136
2.751034410898216
2.4902403739117434
2.7612087783197468
2.4537836960461488
2.5522048748077473
2.686838667586418
2.6616135203198996
2.6079400764340055
2.597185279273171
2.6463778005061753
2.5305181944840407
2.6523678385156555
2.7434555967023275
2.44517847097288
2.6403189059618937
2.476174638097745
2.604877172110378
2.7237293660744415
2.6139501590543266
2.7327598748007973
2.7885130027813183
2.5918468892982025
2.477831885337246
2.7548888724449494
2.546257776049369
2.6605070505341746
2.786152282740179
2.4678719439322094
2.693928917802627
2.6842972773084393
2.5177304040855155
2.4503810187423176
2.6262330798798343
2.4976935135935467
2.5985582089522024
2.5359250279640784
2.589326852144541
2.6431040232225853
2.6937514205803668
2.5496470370813724
2.6043585370913003
2.4272106347413285
2.635509340735555
2.460155495801294
2.7362367637088925
2.5852835329124217
2.701038862609167
2.6912019119881303
2.5693154083796865
2.559036454900592
2.7801776233972366
2.733618970255365
2.6566510867576816
2.6883031748333828
2.451873311932274
2.6526027782386326
2.5918533312197383
2.6755152748326734
2.750586310035807
2.625821093149071
2.797966737354042
2.5281134623535437
2.656559712619858
2.437265651594165
2.5084264151241324
2.5617439547458245
2.472630218268231
2.5729603359649365
2.407144764121953
2.6124293813368764
2.5091052730984744
2.4163636631203427
2.849764048311459
2.7383230632113906
2.5840370483753357
2.6784341107610143
2.512170729574067
2.673305054607197
2.7143593365531977
2.654535425635415
2.624394711841323
2.5555732871478383
2.442013315146564
2.699335813167805
2.489965487252533
2.5770880612614153
2.7476661194965644
2.7595173850590653
2.7166451914259833
2.4951374120561756
2.686925474513504
2.5083999816573477
2.56932424183699
2.6447818959252842
2.5031323442026783
2.543553446900152
2.774639481819866
2.460228902652685
2.7221196798641487
2.5730162194845505
2.523927080224854
2.634859326999191
2.581309785785883
2.5889437810241382
2.550959574366689
2.521936380217644
2.628046948650676
2.5226192687048075
2.509505017768114
2.616095730774619
2.6451310543609647
2.505153125067211
2.51117746001676
2.5749140001336754
2.6681538086782792
2.61347763577667
2.503432292216238
2.5773075049336343
2.590856650920503
2.4670702276274548
2.7562286663898146
2.6095331029268483
2.5304454632018176
2.5792979098088726
2.588409702280848
2.668403923758067
2.637450112646195
2.5721459742596684
2.516805479840039
2.6801409184521905
2.6481618586063114
2.6790547859699028
2.5134724926460152
2.63607476519214
2.626741698575583
2.652255948539501
2.6588965789655505
2.4504630924749593
2.483469136201368
2.6813593187516056
2.6268626727177367
2.3736467556686507
2.4554221576969684
2.762152227041837
2.577191936299261
2.647472379471609
2.638947907168887
2.6375720454923153
2.5827781999851314
2.562901257540076
2.6318173618461596
2.689189566011946
2.653793971633974
2.6523347217033266
2.6366067260142145
2.560423924878971
2.526911417659918
2.5736390042105297
2.584054460431322
2.619337215534713
2.6690357278886485
2.534627563649577
2.6983539119669904
2.5344746423432727
2.4693538211382666
2.5054166036721655
2.8005353347045445
2.6373599161305394
2.644659030718168
2.7510410439991264
2.5056327736716417
2.729208884891403
2.4526137066946605
2.6648358906174825
2.5668020766306836
2.4826657216645085
2.5539470157996464
2.51006426025242
2.5649039474535815
2.625730124158716
2.506454605308928
2.3248480820835513
2.609659234908416
2.7026263934429355
2.605439418847124
2.650083915777137
2.6670809669708015
2.4463958339591647
2.590787232941126
2.5622676242909743
2.5309883330899576
2.5782894781677643
2.819204334790584
2.5859829899974476
2.5866171812103413
2.583120767803115
2.5078574939530855
2.5558864554077383
2.5778941929525647
2.564961820465036
2.6288065160621366
2.4132131204471015
2.515762600198326
2.655240458158407
2.5682237870716187
2.631752942895319
2.4311719440349204
2.598231873947402
2.5343489720582535
2.6244379309860086
2.590925850213784
2.6175650216192548
2.672203418788265
2.397399663430709
2.554604048381304
2.517729787028197
2.586136257545871
2.5356871116177726
2.6162347107543145
2.62995277030854
