0.10242993586287173
-0.048267651811105754
-0.009755012218108814
0.033022202856228006
-0.04583547462380634
0.10936621823468451
-0.11043055630194858
-0.021746147017961223
0.08828999256914676
-0.07588722972440626
0.07423602082671514
0.0408712599513308
-0.05937719458372697
-0.07079560891312889
0.10042408053861762
0.020523642990225847
-0.00481553423118694
0.05798386453796543
-0.21162570943843467
0.021147307102681666
0.08337071618120308
0.020922815474568285
-0.017574874974236744
0.09164853501078049
-0.1553381823440451
0.17561547943606326
-0.053193115681943244
-0.02121171043282387
0.028777824082176957
-0.03482857106327036
0.09844665402001818
-0.0037097169069858055
0.0414180958031895
-0.10201737024830826
-0.005805332541289455
0.048802787714412654
-0.07305570606148977
-0.007180554962146257
0.06115268101578592
-0.09240795017222084
0.09991540663629897
0.0061617194744581815
-0.06915307857503104
0.06326599355635507
0.030878716659762866
-0.04052043190816141
-0.039876400609337
-0.008101838621575356
0.09127683094761527
-0.03392950375470399
0.05416630055606609
-0.1050675985470509
-0.0031056669075804682
0.02689782531461641
0.0281321724340224
0.09241921650325076
-0.06784806431170112
-0.010204654062270503
0.027964224664384973
0.02442297924609399
0.04019113704794817
-0.25279131009269157
0.04872283776006318
0.19589996651249358
-0.16218078274237424
0.11099656160916946
0.0678843057904988
-0.18425665165389732
0.1202904808922632
-0.02204593034164345
0.057593571934037455
-0.28953465850438764
0.13910044699483745
0.1883383035892251
-0.13197127503505643
0.17063942427517645
-0.1037395645960617
0.03588949036519361
-0.10109157767378964
0.10715663207577454
-0.023401895926074254
0.0776083062030879
0.03129772381503618
-0.10315619066538877
0.03436961495007956
0.07663797141157329
-0.10539514163635184
-0.04984035512505435
-0.01884746659423684
0.07742288593233267
-2.9313768536971885E-5
-0.058640286219807554
0.058265835805299496
-0.013109781537524045
-0.03369492784486423
0.11223593563061142
0.00993027039273832
-0.09403936501903552
0.07592195446036622
-0.17279155433103294
0.17263121062921333
-0.005366850523610297
-0.012212538962492237
0.018002908856621935
-0.12059420323073843
-0.0013371345133281322
0.17116498813491435
-0.030432579131069625
-0.0033384097624667565
-0.041022164061956586
-0.04545140233002033
0.04642288958966262
0.07797969694561244
-0.03361553386189513
-0.13461556612383596
0.12574674167108887
-0.04516509933926407
-0.12018490429743042
0.07376121939510498
0.02329681445131315
0.0301655147426927
0.10164859825681483
-0.061240664153288216
-0.26366199413282987
0.1733663433032085
0.12203191042205434
-0.056794136116366425
-0.08721542968446794
0.08909540945164067
0.0023077426399350383
0.07477690928425884
-0.11306244467159893
8.636050247288455E-4
0.12259120303534034
-0.21818446848912365
0.08643997028040842
0.07672462708645922
0.05665413373153734
0.003522594040915955
0.02709316929453941
-0.11238316702230229
0.009551306404136579
0.0028983473261181398
0.040327919859359615
-0.08669446725096021
-0.02987580508294283
0.1471985796256601
-0.07406561161847645
-0.11657361527322452
0.1524759605379864
-0.027136732462976706
0.06481981508936847
-0.11760847632160588
0.07031569071478255
0.03259889585139253
0.023582219961517072
0.001308231942312829
0.01967052786868639
-0.02447439733064861
-0.07909325377539848
0.026614645119998417
0.08925829417861735
-0.10186032644982969
-0.03775266137946204
0.128325701467102
-0.06623733882422884
-0.03352144314317442
0.012710832468129204
0.039121121116418946
-0.26160086831740065
0.2101858734962751
0.013061595781074213
0.025085082008362763
-0.02531747082708405
-0.06986976396356875
0.13961301360609413
-0.030641983393756837
0.06088017473283972
-0.0023001520905480844
0.045167028202876866
-0.11856870375415635
0.018329718806082005
-0.03108164684439665
0.004729453033363337
0.08290734872432116
0.03157412666524809
-0.10082057665742596
0.05717602283541612
0.037212000613244915
-0.053454306329659355
-0.021059207640957815
0.01326147942282821
0.06306920799900778
0.05108760462474496
-0.12449125208711138
0.06674853761565187
-0.11571808121241266
0.04768141932434445
0.005149768207998113
0.010310627894384293
-0.11285871440692839
0.03800316061569229
-0.04229151473272096
0.08968540263330123
0.015482110952791327
0.08086290131620226
-0.08256351840879508
-0.052478798473901786
0.038841770987750254
0.08200771196956623
-0.0783226706552115
-0.08617781776861805
0.07573057827432804
0.1655750544640493
-0.027389703183007312
0.006518417670101193
-0.04268943184303002
-0.06672057119215814
0.13129836767537448
-0.09775658285370437
-0.015587441733656383
0.10447864341553405
-0.08536967221367718
0.027055821385104088
-0.048883021330791955
-0.03465024376952504
0.05153362561210081
-0.08884844448390672
0.12767053667349085
-0.007802079888392609
-0.06140953655068584
-0.029332349918591037
0.09045392719623617
-0.07909906148770585
0.09927454613497115
-0.017099999777308483
0.05433943712547978
0.001375810128959146
-0.13878994296626898
0.07535605250106239
-0.09013318559570081
-0.14670138713827535
0.2835634708554231
0.02982469084483645
0.020967906288601946
-0.015233810637866262
0.013055125035339598
-0.06394855658727047
-0.048314259665484686
0.09222698349131937
-0.13404889398247136
0.055816278501862285
0.10960700277820012
-0.023766397432270936
-0.00759601201918028
-0.07875836801002616
0.0763996852558067
-0.17179926095185943
0.26748812378684406
-0.119452002548937
0.09308766471491633
-0.1704813721176885
0.21717859986083785
-0.06533956390580202
0.002064702155971175
0.036925068100433465
-0.09749107814922975
0.07222120384629387
-0.13439764280333183
0.16023190428674897
-0.08643894553538845
0.042993612674970635
-0.10338121017480859
0.1360297157440629
-0.0037383880532889627
-0.09364634881023653
-0.023114244599629817
0.10619987990736442
-5.151525044188442E-4
0.0629324579499538
-0.09130231443337318
0.05411680390173219
-0.20797719012124016
0.20740544699947566
-0.04419717883953438
0.10254393863927228
-0.10435639233604885
0.017780221345572885
0.010141896963129097
0.001115899729843073
0.016732552541181764
-0.04865877005582556
0.026085025257746322
0.08835284035702727
-0.2041531023480677
0.16104573408878572
-0.07391288343860197
0.06655187349873462
-0.16346699906780482
0.31291773265665423
-0.15852716336659514
0.0751969864827986
0.07061404072612133
-0.03625641501939181
-0.014293117418239284
0.0017256332208078267
0.04111170076775316
-0.1666519259461625
0.18032449016198462
0.01110582009916193
-0.15231175556905768
0.044851930361619205
-0.09440721542964002
0.10089370582905055
0.05007515699779755
-0.041964382141325855
-0.02796449047327272
0.0985228223017063
0.008379973730578215
-0.03490499983876559
0.018458276244699624
-0.04365706572679115
-0.036689241136394456
0.10490516646133206
-0.12051611825246598
0.026832992176030517
0.0813768330667646
0.04574606651338574
-0.00482678402983876
-0.13341733623820531
0.04972351134108075
0.14778194773615297
-0.17257229542318925
0.0655246022696471
-0.014644006614381845
0.04533684968631308
-0.09418893498193966
0.17545588055002131
-0.06242134016375874
0.006357915386217172
0.05867702241716923
-0.06313937561513296
-0.02497101496416461
0.11887271564734027
-0.1047013343256348
0.05971355432866416
0.026222047853494225
-0.13802840668945565
0.11112544064579793
0.019747634687507915
0.006092905070220461
-0.006326020948349216
0.04959638553624945
-0.2235305604872362
0.15581967589042325
-0.030121240359322118
0.12763719015295583
-0.11305200009088197
0.03342192825385878
-0.004275377845951627
-0.03904599845270952
0.10499917444337127
-6.57986512841591E-4
-0.06272543936221472
0.11047494211404879
-0.03407989207701658
-0.013567123965505032
-0.15500375676552475
0.12530619082864058
0.07866561869253143
-0.07359545547175735
0.06366034621132147
-0.2875926561649922
0.36854834168591055
-0.07785739971908344
0.024112305088049242
-0.046667719348462616
-0.03782686480090263
0.12290765984333042
-0.16628230086765639
-0.031618058435058174
0.22566827007655832
0.003521087031539877
-0.04021183897608703
-0.028814946152248427
0.019415580459065516
0.011370540250901158
-0.07908603555761215
0.07256936769576132
0.04976397074102692
-0.06428986726463636
-0.004854062843265298
0.0567251164879275
1.466381860238704E-4
0.03988682922182577
-0.11012967007335203
-0.11314027145782445
0.07985552855089904
-0.011225962371592013
0.10958959743330217
0.016640998162723682
-0.053066530745248086
-0.15750423833688773
0.18700962063685964
0.03034464676998654
-1.611489056076389E-4
-0.012738423041224682
-0.04806281381513736
0.0014777096090124986
-0.025833273581657493
0.028821401553561016
0.0800419422236474
-0.090520335107801
0.1157374259880688
-0.04783183503920137
-0.1624032367426847
0.10877797301449382
-0.1532687769259286
0.18838610339561082
0.031936593322623164
0.0013572617765506155
-0.05012682005054213
0.06362587085782884
-0.08047942375045754
0.002989107530368843
-0.11989676561716521
0.1295161846544442
0.038809409615743105
-0.02599211111838194
0.01030117809975324
0.03417371034940065
-0.04736589648180853
0.10875102931067161
-0.0056454263428868095
-0.2771878087232076
0.24898678544075853
-0.08181056516086653
0.07736574321064527
-0.05268209710919501
0.07146714638266839
-0.05945782641992149
-0.00709759329310136
-0.0014117893457204463
-1.4472039819760698E-4
-0.005717207123941498
0.06378726181075721
-0.06892472436643637
0.03215968734027061
-0.12346307583057752
0.14558812515004854
-0.004347508506826864
-0.0727198499389708
-0.02434528098703508
0.05688778912035635
0.05247928190978386
0.009051693927961285
-0.058828335229274435
0.016326613662168404
-0.07148633444591197
0.09288303273020773
-0.02487624491180855
-0.18859714500182034
0.159410652973175
-0.03132575524206783
-0.0890172856745747
0.15073519341758232
0.012031360544721039
0.051288022503419545
-0.07882671880549057
-0.022223546917139816
0.1544395281568677
-0.22199470935210908
-0.0599144455662476
0.1264548371579605
-0.00640461773292801
0.00707032757270909
-0.14232696830644676
0.2355656348767643
-0.029695147756684297
-0.11487576485659881
