93395.44308293739
93885.20593783868
94975.08047155777
102098.0106565682
103333.7847671674
113097.30162035524
117289.74869929717
122269.6383645221
124733.58310322437
132001.66333140252
136918.19558150676
139130.36515548968
147127.8474037974
149597.51349139874
152316.96239072466
157370.31754949526
163195.85580863932
175474.72796049403
170041.46256902497
171400.86666031674
187159.3466235792
184695.8405126898
197413.718957906
188403.04985783197
195322.24942904263
205529.7053151666
207716.34582021635
211959.5028424802
207639.47700785796
215197.09128188487
218655.48765796714
235130.84926560897
207261.6951006813
239095.90375612178
241011.2915628024
253308.28294756147
262593.63494336244
270587.46588784875
258084.3373465603
279915.8158698439
268201.05494274467
273067.0319769801
290176.5498569741
284977.11422358826
283494.60569112515
298519.94053251535
317912.91998335667
288786.75639630883
309259.1382588476
310101.7851566661
322777.57018522936
307567.91087751696
334814.6787522757
332871.70662094984
317937.72981591866
353484.7693123671
340507.7663167105
331046.91691410996
339799.13078916643
356435.2628464673
348946.8867345072
360407.9317977792
374243.1986858062
371703.5974874235
375034.66646865
378236.151690082
390144.3778534378
380523.9126298836
399850.38927018706
381402.38809523475
403414.67906220944
397750.59149243246
440334.11838229635
419739.19245904125
415220.01590911346
447543.04496713943
433963.82686080487
425787.3288122572
450987.43627166294
446311.0202586253
421933.50350358733
467803.1722697385
473610.97079390025
461934.23798407253
473872.39477516053
490005.4190997836
490693.7070755359
496926.9911969354
518729.1076741505
495458.9702636954
489901.07735155657
485559.06485573883
500689.20069982565
499481.8902763608
506184.99428897974
475489.33973418974
504233.9969252162
515545.90080696845
541192.9598897054
542346.0032656611
549790.4986730949
541504.3717556696
535627.3195905916
555928.5192693816
555830.231690876
592862.8915284319
543841.8711584271
558696.269324966
555139.2451873902
547282.1673832797
553945.0384290064
567502.0780307563
581043.8430794517
583328.4616405439
632738.5720248101
591047.0340764599
627412.2363830224
604260.9300828138
611016.2870911849
593649.3750678675
636590.3851997767
647370.9524683505
621559.7792734577
639583.2100433818
639319.4410955326
642908.4078530895
719650.7143801632
678600.2665641323
657093.4488484478
649949.5114786848
695470.6558684683
644211.986235843
705902.6310012217
679212.1125507655
733347.9035102552
648304.4556826017
653349.9688226512
707055.307604999
712279.4522670159
745256.3264501959
672660.9974089994
725990.4224698183
750393.9226803039
760869.7232590339
694797.3422179902
774708.328379736
751665.0001378453
756298.5425249346
750380.5293435024
746706.86830621
724589.5424817556
770491.06952107
765460.6171874775
757568.1059767725
809687.6490880226
775551.8825966184
799323.1643192366
787892.4767770577
820088.9925572353
826304.7269147597
780219.7333719588
831399.5309911312
793758.0298974236
829496.4616299121
838661.1788223893
827328.2977801353
848239.3392642671
780048.7931892463
799513.8337347661
806351.5550549534
835397.7603557991
850826.7436388871
852670.438514729
853376.8069155129
866061.8735909999
903857.447992512
853881.6148715834
876421.6118785843
937891.4430606281
877143.0337802158
874570.5930142995
905075.2098619987
917696.6920654086
858602.8620127189
940412.7915683119
871655.5379160848
981201.5292654351
944172.3591296158
931141.7092008117
905157.4287196797
968628.6745878648
953536.2290682516
928957.7095149627
961809.3778248114
958287.1043737516
980113.6518287993
978404.6747888463
920326.69084755
973206.1317846064
1026538.3733683648
956420.2674811124
953707.983535228
1037905.8359676725
986610.9924535058
1055534.6499738798
1030671.6087660858
993338.2377982495
1048383.2370697042
973574.9896907749
1021900.6505418186
1058195.7552877378
1138999.6638412992
1086300.186534837
1052288.9546542547
1050505.6854089866
1048494.5820826158
1114259.211794848
1090106.3993227216
1067178.6119336104
1005438.7243131123
1088190.9231800525
1043369.9968574839
1102468.4783956062
1009169.7715559639
1132896.3517331006
1173127.4666389788
1158344.760838998
1065365.2065313475
1075401.1639624618
1027514.7020179571
1126149.9795487744
1132855.6756752972
1157829.1263299445
1067879.259684562
1053958.335234686
1121017.6731608433
1165545.8736747592
1151765.0432768667
1212789.0808223456
1197767.957337425
1191193.7327233667
1251988.348112735
1159982.8427699695
1236280.8574595614
1171934.0676695942
1220928.251137068
1249713.247899665
1171268.664163627
1224617.3188872002
1250132.2890760545
1181291.238750514
1252657.1453259804
1278282.0873175825
1220054.7819307446
1266673.2911009945
1201929.3192472758
1313631.8511013286
1257126.8212430477
1261425.7084173136
1276854.6578720699
1270923.5351360333
1352277.7177627503
1294080.5907038567
1235265.1095801028
1258717.360890767
1275397.131028032
1227929.8990953402
1267226.9764956867
1284613.8402844602
1273396.5149206095
1245888.4891229728
1250720.3980235765
1279335.395692396
1294818.5850843994
1269267.8512787335
1312669.8169975968
1323311.8306487987
1296733.8503380455
1321326.2029817302
1389311.4103213146
1281302.7421442585
1316065.8225509531
1393234.4705235541
1347912.2741853013
1325439.7770929905
1241662.175311209
1435769.715945086
1340932.6446171545
1353688.6604754215
1364172.0006607585
1351683.7033471337
1384013.0678809239
1432992.016996515
1354614.1803719094
1427501.9437450203
1502443.599954074
1475544.2124858308
1390243.852248465
1454105.8293604432
1499225.2108773452
1338221.1837462294
1404331.5489614883
1458743.1337701268
1422716.5720491204
1388632.4506217968
1465243.1560028784
1470701.17142061
1482091.2964575342
1382714.4577220264
1506876.759087375
1446682.086735399
1641100.3516900197
1500050.9244331697
1486919.682542192
1543087.5102526683
1480959.836925674
1623998.6944091492
1463030.9790411294
1541943.5776670878
1559902.1565007311
1661402.1640861314
1531343.8704156072
1475173.961250089
1522634.023588825
1525615.6936754524
1588812.9644136396
1597046.573567222
1569810.709952365
1520075.4961387247
1547769.9442114907
1570966.2518828234
1543876.2695325217
1681397.8794075807
1662951.2643844632
1529414.956322909
1584299.5439952782
1667248.205850546
1666095.0461137115
1649265.8581685086
1656693.7093380787
1594996.573139186
1716989.68042852
1594846.350144452
1660901.8245828901
1679863.2371062052
1590499.0944251805
1694528.3170537609
1644235.5636002808
1602706.5352708534
1685252.1569794395
1596131.5982136389
1578771.9374814748
1589286.425452084
1679228.242942321
1699083.5609272325
1601754.3257748259
1703348.9662162054
1691649.4257051738
1624823.311005805
1578617.3297974842
1692643.283423125
1653578.3844802424
1646179.7567954701
1777328.0938280649
1724194.569961561
1777982.796798078
1698989.0383585733
1733013.2222569338
1829242.0931372265
1734850.7879505386
1823103.8878185954
1766580.8644150298
1758038.3392883297
1665197.8351967065
1785865.4225534298
1663305.0237942738
1821236.5193717796
1748337.8810752223
1801635.0592191163
1715793.9871304978
1804339.6127386875
1921944.1783388108
1843895.3553618572
1773190.041121126
1730550.069409155
1855075.3278750626
1748019.563607236
1860153.9261039833
1781210.066988197
1865540.0300494884
1896482.0376676694
1757077.3949477102
1817545.518341805
1990688.2115894943
1816265.5958300189
1827941.1806666204
1887201.3661840307
1848413.9283389987
1817558.9872463092
1995980.662981672
1911945.0141561697
1882767.7273587834
1898218.0562463105
1899854.5862778076
1997866.5471360073
1955303.9042175568
1847184.6365230696
2001566.7245443438
2090575.115841941
1813167.4521447916
1992782.4015352626
1947307.131190422
1989324.459561443
2006586.703098137
1819833.1894019337
1891817.2371228812
1928634.4590406772
2047657.7362883734
1997224.7711052105
1915993.7225639354
1873054.3616274935
1996218.5386150975
1977296.6191694906
1949293.4294150209
1913153.341519144
1934570.211778999
1986228.786347772
2104150.018658911
2065858.9142079523
2031300.5350856902
1992289.5319914485
1922999.7148589378
2082803.5449378975
2005478.8804015662
2105250.4441262423
1986919.4400794115
2100745.680854632
1949812.8943957696
2020993.6344351105
2010247.7687685627
1946705.1995117476
2008822.9715734615
2026927.5363279213
1918514.3405752017
2190544.4392084973
2149209.1428276803
2167747.348874263
2117171.777785345
2099845.730398046
2296206.2406790066
2192741.867994679
2125978.8158927113
2133777.6517713903
2147625.017278799
1927709.248036659
2097274.430765395
2188780.1166188596
2180657.4031341365
2195074.2259968887
2247823.6886004126
2076954.698859414
2163730.3818777124
2162164.3852355056
2185071.8640310825
2248508.660054233
2361847.320485136
2213426.2393216514
2091267.1254025174
2254792.1897258153
2318611.6495184978
2282906.265165222
2244250.725234921
2208678.7191578383
2228744.109749041
2179293.04176687
2149612.942381999
2104467.4304617206
2165781.2416210435
2242213.8569981856
2253320.277541347
