29.082386297668485
27.498219661365003
26.65014141668391
28.537980456449326
27.048869341994802
25.68033541250129
26.803802325527318
26.584509131298496
27.909264913317873
28.55858980832348
29.620172297102535
27.566321976811878
29.17348822861258
27.380867375026032
29.799491905242437
30.26550982491746
28.868584603007456
28.390064288891445
29.312359185925395
27.546782345227705
29.81273375204417
27.406068528354304
27.02092298673103
28.60198753412774
27.824073057270784
28.041389791427957
28.334488404216692
26.147063943835693
30.682573710600437
29.460580529726112
27.278493562303716
27.76471499723293
28.517874706462628
28.90369597118282
26.368541302764633
28.551252859993856
28.06477404783338
26.3746824747817
27.861053864859937
27.978245166295558
27.876372395968335
27.867820791573227
27.081712708215463
28.59824690113019
27.301513012728577
25.82474065185726
27.546245892533296
25.920762967299126
28.116327911470627
28.020727644705836
29.56598775858886
28.98463749098906
28.41034695493814
27.67207597450524
28.713601572478346
26.83430833707544
27.394292486693285
27.216118879644625
30.37920455295127
27.742373941858492
27.787402172164487
27.44438095858922
27.791621541057676
28.920520234484613
25.893100102017673
28.095812675763156
27.242998138500997
27.00071228105916
28.732844602798227
28.03224214903176
27.786467881230713
28.35659447537227
26.01751224733827
26.079308161667743
26.719903441767595
28.680043048679675
28.359333930834897
26.36115102978334
28.342232175868237
29.588257081019187
28.043671206596656
26.249215681665614
29.454328548799268
28.796824840421053
27.917516565390553
26.811698624432747
27.97599136825255
26.635854142070475
27.661388852952904
26.854117327654656
27.51587546740127
26.241673571427935
27.565838269065058
30.023429074871355
28.421953314304
28.85972627085424
28.754824156663535
26.688724658515927
30.886052360071957
31.12859031570012
27.796475639043297
27.752685243970635
29.763006880715643
26.455277631940707
27.946989889296937
27.027802138078492
27.694769489273273
29.304770818496667
27.875554100189202
27.351543832704348
27.39305019577492
26.62587563389245
26.004137490208805
29.159847805009303
26.005165725863616
29.210541119109372
29.464093942625293
28.98275345407923
30.09162914344063
28.915095982532872
27.328014255666716
28.06896190770987
29.274854511152487
28.74524416815792
28.768014075263636
29.51933433978733
26.991863679715976
26.50576891569972
28.5197564767551
30.46264123733334
29.39432184543018
28.710517815110585
28.329031921763285
27.87049688014846
28.130647126734413
26.386866861624565
28.260287064116913
28.091981558983136
28.168331120285128
28.14838582879949
27.388945814804796
28.08554421699986
27.93862402167148
29.733529398473834
28.15037072008879
30.99087274250846
27.898427791617657
29.745849630751415
28.070602007782476
28.11191041842359
28.21408182094634
27.10715581611047
28.035099137167446
27.058013180983174
27.468644137677348
30.120527890310157
28.121844591122976
27.581844453556542
28.006841970718234
27.183292010776157
28.80709795881117
26.78076195315776
29.817474722757158
27.188474400942834
28.10841875404686
26.68316463210946
27.78068026452496
28.07376838489591
28.765075921344803
30.19715387551797
27.988488466235733
28.875241443449863
26.686489995989483
28.50129114793528
27.27596391755428
28.173827389247094
27.96027086223491
26.85430356766501
27.683582935786106
28.355946253940385
27.677973406582762
27.628197680386716
28.184784797361353
27.667360266774583
28.56258076293619
27.92194301880438
27.327737445647518
27.751020387909687
27.668939753248665
27.350647300779897
28.97334710878429
27.099605990158082
28.266117993015097
27.509373404813466
27.97304690588056
27.488078964314656
27.984756226180508
26.636900910009008
28.62987937990801
28.202596434970776
28.660679189525233
27.46625916945492
28.606235349485107
28.22672279587737
25.89620227010517
29.509436474375118
28.043116093272264
27.761642051190137
28.439490582683124
28.584566316796
28.5501121183706
26.600669204948236
28.24008651143033
27.79986855270698
27.42714471155731
29.768296980567587
27.2380237378804
28.77656546242473
26.876765672706377
27.60011002600255
27.82269352493342
26.799975486563053
26.228348041597442
28.236650379280558
27.882781480874556
27.26486818523317
28.906314881929507
27.69841569858929
28.436118220971277
28.389067445223997
29.195039178095136
28.547572506690862
27.28235042429855
28.59330503950594
25.777179716379848
28.17171793609609
28.45352016995009
29.311246664371808
30.275571440146148
29.058766339846265
28.035687403173185
27.468215770433346
25.91668085814733
28.08249950578188
29.291185674513226
27.1929737137792
26.64094568195008
26.50405755376769
27.535494666137733
28.934672366630906
27.044525329937382
28.54532595144383
28.059367063336076
27.676902029875823
26.40282233662298
29.11373189855398
27.027213300685087
27.94833866566994
28.587867757168286
29.241986161350894
30.611573865517197
29.45844826720562
27.725493086107075
28.755103988349905
26.986129665214104
27.966448318584202
28.019916894409494
28.27551691734294
26.761968176238703
29.449744288105208
29.079798166267263
26.26754530207316
28.15676642323363
27.712876867865987
27.41936027042273
29.652378069239667
26.682699054806648
29.429368133961066
28.09096516606553
27.464975487698645
29.468286898566877
27.687867040623445
28.292943260780692
28.33370524683036
28.768952892885544
27.18424704921494
27.0425677113384
26.510403469998078
29.215081702470467
28.589725576183913
27.286061389876686
27.683092400267256
28.053105932916825
26.955819348751877
26.93210280012355
27.774875999856587
28.485830385714614
29.23345934177314
27.550017016171633
27.615748245500495
29.102169346109964
26.81129950886856
29.805582701747618
30.175296636626125
28.41637879997026
30.67799227094526
28.451203443652172
28.84038439189301
27.48725156762094
29.142551611045686
26.769600518036324
28.073153923411542
27.402974051507034
26.520422138770577
27.3534458775303
29.36001380183082
27.517695616729714
28.51537746887918
27.73584011442447
28.269200845586912
27.707333035182984
28.686981124023287
29.183172329950455
26.93732111576572
26.60792893217349
26.755061651781045
29.761058155641734
29.611444460839966
28.196392354487596
28.338055608834452
27.384430697432254
28.609980047363322
27.449014132190342
26.956546413919266
29.224220072973054
28.359925523241206
28.57503432045318
26.77707491031755
29.49839490594575
26.71976444430944
28.695109038275977
27.929718283982325
28.991835104922764
28.19416765876906
29.49058276087387
31.307670431118147
26.76578640937355
29.293148313590482
27.108900620888917
29.54277667483889
28.81080072585664
30.148216847187374
29.598307202115343
28.231093955582008
29.94116404471391
27.626236547181538
29.87072451082369
29.47602611111027
27.320892432959596
28.392971139580943
26.636534817236942
27.62824073050668
30.22108091839791
27.87039682869753
30.922116414237145
26.270713480228714
28.915241433065074
26.77202982427987
28.7011370000847
28.756032886399886
25.649656882800006
27.26313980819797
28.994023954653336
26.39024799914208
29.159902070687927
29.134525716044163
28.25042185993896
26.633202403031444
30.773322284350172
29.09214278094129
27.777000779234495
27.912301101827993
30.015300549203218
29.006078048592432
28.4145162115825
28.44733569209883
28.301037481811985
28.46736998679877
27.661727538538788
29.026433424490815
28.692283737022894
28.77140417271216
30.052165296739744
28.81283817886949
27.898398531486436
30.97689748136389
28.937403207683627
27.923686651081468
28.026826903815536
26.799112962334572
26.409104375499613
25.39146706970362
29.529512033132214
27.08928926576317
27.215622307732545
28.23359473974615
27.064252183540415
30.435702366893178
27.764500359347245
27.681378894319757
28.40171798683765
27.025979534541566
26.806000939046964
28.430376103172854
27.426335219199768
27.92170296587826
28.036577736614582
27.17037354043654
29.645917418649265
25.668096599478428
28.513833480997942
27.248041974579916
27.121077670607406
27.054982511433153
29.25892015266946
28.60407184666814
29.125472151457178
27.442198959185898
27.856475360497676
26.622042683196874
26.752586122306376
27.626731606035648
28.65085658666833
26.975714001347
26.896562310077872
28.795151037458176
27.603190455220485
26.70697971116829
26.91919775687034
27.827516099493018
28.824920680461762
27.145173058428025
29.077130081857245
28.387080389557095
27.904416020817123
28.84390431123227
27.82892578346065
28.534634865051444
29.36210717563921
28.83604724516254
28.211962610176766
26.499056472955584
26.616258108445752
29.329099633574174
29.543154448050696
28.68826374352599
29.3373191125722
27.846331283186252
26.12676162551002
27.435730140411607
29.539657827341
29.01631317759678
29.4601448453047
26.96311995920663
28.395419221628767
28.715826452976092
29.269781397549437
30.12328556518319
28.56995639768522
26.2872298815387
29.019776642517186
28.835378567297944
30.008676024496246
29.228331956902828
29.263844647343582
27.850695530944815
28.52943041296272
29.427677072705702
27.7063890954284
28.32526843478686
