11.566395450962819
10.412293653026476
10.825300801895855
11.80968131577113
10.907603147301629
10.86178389237324
11.560886312830975
11.453759635293697
10.840631060156719
11.131593398718202
10.784186809983003
11.626991691567135
11.917808971369663
10.560313580554562
11.300527619331978
11.22618074921727
11.056402762140046
10.085891469865455
10.628225511555307
10.96605598827565
11.358255101642756
11.69095976033379
11.665729048037921
11.225763188123985
10.567317215460198
11.011245233058988
11.336325398317218
10.854917587743392
10.945283239756167
11.413636935292413
10.87943803673713
10.748490104781125
10.958383302603723
10.970435953263193
10.990196122423901
10.536837026286172
11.662300059760435
11.098485934891864
10.382797279934836
11.140649908364935
10.921961278815656
11.668908563773954
11.444379416279912
11.099168427945008
10.202845726822746
11.57557708843067
10.672762313624563
10.672717779598761
10.460846844146348
10.763688111952982
10.97933362070018
11.516399311992515
10.70171999474416
11.057183313740232
10.775184368682016
11.162146822017181
11.143763476825358
11.182914325861686
11.393183497081337
10.719315449132468
11.600907124661783
11.232970584342024
11.061961194263791
10.385208914516417
10.85210469463066
11.442020598960323
11.046506698622057
11.543758276250175
11.34540486192482
10.855832861817111
11.868629427228298
11.107232028650294
10.846311295611105
11.11849407217219
11.26042619556823
11.031647592634254
10.581457938356229
10.595979381953521
11.039166955835865
11.024020017963291
11.077143489050135
11.085265489775765
10.803599900101078
11.045860811535462
10.77208381146697
10.777004335684488
10.95892483807365
10.49399569873116
11.37487479488769
11.316199065687561
10.929182494150572
10.938604805437343
10.857458439633987
11.128265945708574
10.856488879276265
10.665629042215548
11.509564060538464
10.917478272118275
10.418813589299893
11.735555510741193
10.587663788469799
10.742453937042873
10.733370351425004
11.177545783799763
10.936967524804816
11.615821237872044
10.591976759777792
10.709551525455472
10.525345746450903
10.790869885118058
10.944335540287158
10.897059366212169
11.139878362224612
10.48325116022259
11.055541169832713
11.23981761205532
11.067255976364017
11.209351945865608
11.46886524867575
11.61184074817462
10.713833349056095
11.221217551213591
10.717788251883855
10.570273038977756
10.66499691297337
11.061135343805285
10.923712015893699
11.01128476268317
10.901663359957903
10.672008161979882
11.377519875170819
10.692731998176217
11.069076682670953
10.481107435202963
10.344573256160482
11.01330052599823
10.450104294301244
10.282455384857409
10.240519471677914
10.561944741134067
11.15259419840031
11.232993749292568
10.758323544239316
11.44197594837468
11.413443820881502
10.762755666270813
11.104700455583089
10.926795208883977
11.137639428778085
11.180418521481178
10.375697470470447
10.429975137815385
10.978937878504627
11.60229409103763
11.228930048846562
10.95729000158608
10.456155434111249
10.634922361671187
10.967972913454947
11.064910264164558
11.150484431792943
10.810294524618541
10.489968688601783
10.838513829727347
10.803686639636561
10.75713685582062
11.383955957420829
11.343489442866025
10.975798015571899
11.52491286945634
11.716282430922728
10.708129919823648
11.071964781433731
11.24918071002032
10.598517413170077
10.907327557280931
11.648253818193412
11.225992144734986
11.019652680549498
11.155264496142394
11.507347194972022
10.740579872198714
11.6387971848296
10.968796799451772
10.963472661032341
11.284523785052471
10.313890285768545
11.142406758617494
9.847292369325723
10.850499180239858
10.983115839695403
10.841522266471953
10.913161773245587
10.918981633198758
10.908027806222828
11.779684487660028
11.279622375169303
11.631626112616194
10.851651694706526
11.43344020648805
11.3760699109158
10.824486470071404
11.167711626392983
10.61188511952816
10.954581977698526
10.82643155374374
11.343379391963088
11.911168840460867
11.584349710000485
10.849633269597932
10.790924360481208
12.02263669111863
11.3337680212106
11.552767942083262
10.459008463860567
11.26843267538705
10.596198259904437
10.521885125400654
10.896372010277856
11.131308333095241
10.629348719608078
10.900676188080881
10.520037895837682
11.785355666693029
10.519797338711758
11.063877377294702
11.297743673033041
11.032404121215455
10.991851201004115
10.736625750678709
11.330869294134745
10.668425256631298
11.142632167303624
11.418276974973423
10.679988651200548
11.378346885583325
10.986289130655466
11.113524370095227
11.313587521707134
10.878515760311043
10.663423609783873
11.063980092110656
11.181542975371354
11.464475426618515
11.108814005156164
10.6013262962801
11.009249379732918
10.795533391258486
10.58558491937463
11.059022211983955
10.704580641856882
10.583230605989655
10.977890043858944
11.41742119628812
10.980054975742824
10.488568636094065
11.323592314380765
11.061620426863005
10.872944804416504
11.208436959909314
11.636829632020284
10.911417002462317
10.985991298967118
11.102878898387038
11.13283700311704
10.708071362910093
10.853476193355785
10.661180391689335
11.46390477505338
10.878343899736143
10.252756033279972
10.28036776691974
11.39183906442086
10.82713633672311
11.55063955351202
11.187641336713181
10.928489331581707
10.715101300625557
10.821628107480782
11.213408974233626
10.517756942999005
11.49550035185363
11.040482986643251
11.215196686400024
10.297244771474933
10.349788535465331
10.765590843614268
10.87679262027098
11.636619695941373
10.907808151160134
11.069295191667742
10.938436756829809
11.221353584281479
10.646045308630216
10.965097164216528
10.717363928751166
10.883391031161882
11.365952485556948
11.67136666441864
10.730851133946485
11.10668946684633
11.276395582402435
10.55902130230749
11.058360003021235
11.488112480415419
11.082891944783663
10.769072611176641
10.685818866871298
11.40943612197321
10.565420078536418
10.656389847172889
10.449151553560126
11.398716496493046
11.086688639074719
11.124464220120805
10.812901195205438
11.493249995081298
11.086261736828833
11.093013750286772
10.314326236867347
11.020915360537979
10.886534742488681
10.289079847616454
10.537806636085424
10.44816009903249
11.736997537127618
11.02554999554227
11.051997208240364
11.552842004599437
10.617908394352146
11.130403915773535
11.076852475084907
11.349862790947236
11.953616277489191
10.513750203229643
10.958836961643925
10.35098323640755
11.668087680200737
10.954915895298356
10.918584957077323
10.49736649144045
11.129382358425607
11.193416670873528
10.371043762539902
10.832643763193396
11.69741311703925
11.426358051253793
10.629302291288894
11.432514306676186
11.286212777779127
10.987404568714943
11.295571392446911
11.779279676784451
11.707512355074131
11.395475274929156
10.848340145102082
11.087968864651163
10.35807280764884
10.893502469558346
11.25295575202171
11.254845829234148
10.849578481465656
11.305792336702968
11.382195365306533
11.101508268187366
10.80065895306645
11.042407147286692
10.739210851801948
10.747703319111528
11.096574780125326
11.161330129100863
11.102636775643099
10.80052228510799
10.340158994136845
10.80550772416258
11.797991671745898
11.220568709445962
11.342825636558933
10.52340706786754
11.345657625773223
12.380288549233615
11.632517379915031
11.229028614111167
10.884149739032223
11.020082208009747
11.643571608932223
10.699881449103666
11.319420978873657
10.825483239372572
11.719392187599325
11.020716976123785
10.64148770047639
11.393006296820628
10.38188529630541
11.005360516595344
11.308828278002407
11.253097499255867
11.17296771732578
10.591129226645998
11.990621591533923
11.739513319815897
10.842309147276838
10.94150071011608
11.111964106365495
10.903535602079938
9.85392416972279
10.924708664878116
10.81223149287134
10.217955776377737
11.138109149056021
10.551394252862316
10.9244031167437
10.580552625319843
10.446410525524524
10.749911783030178
11.404649792004765
11.617412226344614
10.828024552182217
11.235897630852259
10.783652327908824
11.391440161872344
10.374121846064925
10.882713860846513
10.625574579614913
11.278226462932924
11.245810060413865
11.060075830820637
10.80355610531033
11.652127625761553
12.062250562375954
11.349646197313598
11.050437092278619
11.776820666237734
10.277958477891982
10.66229874075336
10.997566069556944
10.777608166649783
10.288486196742083
11.145425802581789
10.89766834770958
10.904822885585405
10.57954601154554
10.526685641414021
10.927641730919403
10.943738762290216
10.578483759752785
11.088469841089488
10.71701272013993
10.810511805922337
11.265987109865605
10.875721243288679
11.38659306853218
11.603623380871568
11.164424898591513
11.081679682849286
11.791771287865084
11.251295532503942
10.632032182885489
10.279675720335993
11.190358035199733
10.617522631335927
10.345636817160296
11.290390893163082
10.814628726282468
10.717363596700443
10.512973846369112
10.949269080365386
11.517594259055796
10.89332557424577
11.321507761832404
10.8954838503111
10.95617405777409
11.150527398636875
11.770873825580269
11.183265318489944
10.902859269199505
11.700473689159455
11.489805534182581
10.774083576767861
10.940400832460417
