8.35040770782446
6.68201223207205
7.702892019291447
8.631342972051566
7.979649235421112
7.201130364840501
8.653534010929986
7.428571168596856
7.237987749783497
7.051594535011333
9.060624222149936
9.600939711229527
7.962661609026021
7.618897463507484
5.793074242447445
6.767936397495078
8.018586850607555
8.650849672924494
7.740705086985855
11.15615003178259
7.784565786121646
6.764446797554594
9.109832421409122
7.938238921895701
8.339131600212111
8.125977606501586
6.4743815056819
7.099575355267501
7.986506681254716
9.01433172391289
11.474812648553945
8.667382051855403
9.506569797207058
8.127692788851874
9.312099152361547
6.1911755342459465
8.078660000931743
7.719098953381957
13.274799790369036
8.598675855817662
8.06944086479027
7.584704871679113
7.504891636195398
8.71858803983995
8.573876104051248
7.5821893292101645
7.8695517606971555
7.722065070607117
6.5334607420276924
6.87139713257299
6.67747676803548
7.409569887580156
8.54838483248003
6.437478307364043
9.053121430004946
9.051693134911902
10.11827588928324
7.5263584132418035
8.615896330347091
7.791675359819899
10.726641959910475
6.163218312193562
8.107740866654204
9.50796812393854
8.70002331308679
7.805196474717348
6.1871841269152545
10.117870164225538
13.075289676249144
7.898551494785856
9.142594348583138
9.346945811476132
7.921883777782243
9.233845607931338
7.856036424168541
9.213109829927872
10.652619283660858
8.799374683486608
8.264292356919341
7.603526701414647
6.902246113656244
9.196976029524812
8.142217270884197
8.467240924009044
11.840649452754763
8.780507870673668
7.32105066406106
9.960866652412651
8.425136754316123
7.358517380004439
8.216680652127911
8.91139134512671
7.137756828060917
6.697484175237594
11.447960084846477
7.536106896611086
9.48259798455083
7.071824481882155
8.275646939519794
6.765062095875852
9.236257344351849
8.538132033018007
7.043618218215338
8.68526402865001
9.903395638223582
10.01810386679725
8.200819403335919
7.829623649321962
7.309179781993929
5.817095900181914
8.029923144396937
11.821869760352962
9.462072361737256
6.641786540142105
9.697798841903762
10.247063138842195
10.033287572735533
7.1243707239741925
6.498297084435277
8.567919153740009
5.743694591129819
9.346594987829913
9.925544213812643
7.9586318499052435
8.457326129288724
8.064848259311091
8.189115531953673
7.539319718346543
6.501687297942582
9.938200999673999
8.222487365168675
7.956173463782994
6.653835993997908
7.9310641975727245
7.603493660019944
8.82914309686236
6.8171805747498295
8.477304872304046
10.960556481544394
7.6344470243661195
8.503809037340028
6.530160770289755
8.060729702623638
7.626967214173793
6.498206671729373
7.798593980654143
7.536093414721157
9.766556214399946
7.659760599319668
6.243131207492901
6.526237601440865
7.769629896717379
8.829494379999892
9.162420045142605
8.336291513245941
9.582011419368985
6.720353963695467
9.824212605418715
5.536502450113495
6.359518467673178
7.063674192740039
7.43424525315268
6.852685557114038
7.049806458171612
7.501951219626857
9.536444199760755
7.005756037897585
6.919555173797999
7.691621242276703
6.731881932321936
9.780353274597166
8.525517471402884
6.849323947275678
7.272880961164522
8.206022529375273
6.905732367233839
6.797537855371988
10.818760524662366
8.230280592753708
9.447495975453872
11.472014436365725
6.900449488741346
8.215151310342675
8.832640358222493
7.568432399354565
6.1121811396256085
8.770708357093701
8.104853413182155
7.638478663961869
7.492984027878381
10.851614297239575
7.9359922606227915
6.396728428355418
10.933199555098234
12.104616224819639
8.732374032697175
10.040849112038345
7.836611934547157
8.51623591549384
8.159405606021794
6.227280248674564
8.006773518468254
8.322607425472698
8.393768707737637
6.6609145400100385
8.14862540761521
7.450404738971033
6.5373240219416715
6.887534922319619
8.33677112642272
7.045247623877445
6.066136924889404
7.57620249322538
6.896907276298696
7.462275995646448
12.926914448083068
7.598516823114517
5.9971770139316405
10.578067149437809
7.12898199227561
10.039389462762824
7.560149134546673
16.870673435457828
7.311114281516057
7.8553611966315655
15.03509097114609
6.4991292941919525
7.771314182896788
8.454513883266909
10.887681673554548
9.29494720363027
7.852404780121209
6.342471424039298
7.192402708457938
6.6721103019599495
11.02556068773816
7.619442554473256
6.229512246640554
5.98603924654983
8.623897037057207
8.783947320681687
7.283097088746105
7.07412010415659
6.475302804686439
6.933715922000818
9.496282885006163
7.4055877837617885
8.699930465161955
7.303440440266082
6.922587698115346
8.151161480897262
8.866641369741565
6.487319220918386
18.87189909725543
9.581889589730494
8.045903568494134
9.183459437220048
7.38301948271459
7.788017160471684
8.984023307298155
9.11329079025813
5.790328603889172
12.133972432973328
5.802552721051965
8.143981993623077
11.436580233119118
7.9751384775697565
7.482086835816037
7.462959917768991
7.823498517807728
8.165733505963503
6.6740387376127766
12.479347469402168
6.569559766968246
8.640158501101038
6.387056228868353
8.605270033379085
7.953858975617526
14.593378078525266
9.106798050986292
10.551073770669444
8.159389875260803
6.9962111993037785
8.540771136700952
8.658303883272378
9.369393339290284
9.528116923898924
7.271116541675447
9.182020926634161
9.702821201109327
7.748432012911421
6.336568586388603
9.241047542899537
6.8742419882821855
6.580904829061746
6.3722471404929335
7.7518224357343275
9.1890010555073
9.011615952074372
9.288342191636406
9.750048964379355
7.257330993275003
7.258984690271473
6.209579017601907
8.486663387325592
8.140399265486437
10.523740251703654
7.394790120460558
7.447086380347299
10.129107535747812
9.29579613699733
10.926128254643952
9.337651780485952
7.906519427823989
8.44693706024283
8.760580313837933
8.754822620313615
8.115244794715972
8.393908426009428
9.192117312506618
8.540459331034217
7.5214812132321915
7.66791267725934
6.888606391237583
6.690825403691269
10.238211765529899
6.813345403057523
6.548791563515397
6.840262644775833
6.287153385831974
7.33712534503111
6.659904543797641
9.902245659647665
14.0502737004982
7.557592263137611
9.525311385435673
6.578750364979884
9.782684368337815
9.159247482637099
9.62954709835009
8.95201867924165
9.343141297501202
7.217712586567426
11.427571150248404
7.2536450378711645
8.367166451573683
8.077842176602067
8.3953696281005
8.479865869599704
7.509532811321939
8.269656630751056
8.00971262489787
8.162186451783715
9.58962646382954
6.455038747711417
7.351962125566788
10.203828257200309
6.721423235763485
11.214588247554687
7.02089656006669
6.301320998013019
9.043875610185477
9.379196690320038
8.96257294879388
6.95484558964055
7.650211189089654
8.006695723896847
8.39127098241852
8.426667899111596
8.831518405221402
13.971759942299066
7.448223605368287
6.986035087076947
6.747357397426231
8.171015232855455
10.205002418459703
7.758805966922082
8.13675971522027
8.423937697564872
6.330438055541987
10.70214809877084
8.73635869029661
8.762323972533457
7.692564600923409
8.685742051244404
9.322191499670346
9.860037971888048
6.976976083162551
6.849825598918212
8.60313555931362
6.615952712419443
8.4909047783191
6.707222919969509
8.75040900038369
7.452872655120678
7.959296966639658
7.862186780668485
7.81893323895894
6.534637163388543
7.9218474116725845
8.271641963327303
6.575151731719573
8.462928057443351
11.860688032504482
6.896535683580053
8.52303708141204
8.078506236774848
8.765534195195572
7.406796753328294
7.146327044165694
10.020616660632504
9.405809410976557
7.884175868496299
7.597480257767563
8.643349971065918
7.0511195971993725
9.069001699251743
7.575414605947211
7.401143181761106
9.768915210537612
8.774028723265976
7.3764535426668205
9.958632697251625
6.242602106519664
7.950408157258605
6.348278819239077
12.415659928105772
8.003471896621399
7.01991157366801
8.34104650082967
6.601712173538593
7.595439246903794
6.281805855134502
9.86299400675421
9.747313012278328
6.0690421204101295
7.508186700679983
8.092948419223228
9.069269241880004
11.583633626383108
8.413058635336968
6.14442443095458
9.437738608906978
11.256732396037629
8.253777532457374
6.429521639475909
7.774499889272575
6.796532573025363
7.728341749335018
11.017194894233098
8.400432282405285
6.871790568781085
9.921333936769825
8.474952874621065
6.864352584510421
8.456401818646428
9.975725782875282
7.253741425831492
9.950795616855224
8.187780961991908
10.292863376676726
6.794834953059443
8.145167930290723
7.1715871006445955
8.809151937761033
7.075170296799391
7.663955091667672
7.580518870319239
8.154329885401452
10.274064929859403
9.243297223938939
11.165654696347502
9.093698967555227
7.8777234204752995
7.5420501787588
8.192202378482868
7.067526882317538
9.263178465542383
10.533189664838526
8.39163733445853
