9.609476633790479
9.881425157122498
10.318398041484455
10.036795266117512
9.866350007548478
10.042057327708749
9.813252051923113
10.32922170973212
9.517354457323707
10.026017830719283
10.077489300295866
10.36541144589295
10.186089219769531
10.465811968733838
9.267090362801687
10.170196839432368
10.491829800910962
10.246339742638176
9.788442031213743
10.05093628348708
9.920586750868921
10.399283134164996
9.631730654157804
9.55263845809547
10.53035511960616
9.654335681940129
9.845071279298097
10.269783295366622
10.476785438258318
10.178179489158357
9.819749098744573
9.795319732877717
9.938396962599178
10.269070241209857
10.24032883427232
9.89667211939508
10.291978417645257
10.10647098550344
9.712221771270201
9.791128974979637
10.004577367533503
10.067756551240144
9.267237153951273
9.714043222417288
9.31451683344563
9.554773306750352
10.349022836277445
9.875706663372936
10.123448628815822
9.60776264123637
9.67493612218623
10.559421869778172
10.663114805597289
9.581179171823585
8.95488310002458
10.300289695833033
10.23112196269416
10.335667190456938
9.494805834064104
10.144854513434053
10.000572929760635
9.85468336137714
10.422155509702783
9.993538262060087
10.165727305940644
9.925124034364378
9.752725274552688
9.737294365147303
10.36476504081154
10.004191152261143
10.235466239176981
10.111576112681554
10.12391390338441
9.88484122490361
9.53115888646282
9.85273386162663
10.158805858519996
10.184314323914665
10.153043617255694
9.728807012157825
10.489693682641004
10.108332847029107
9.833702486250782
9.572780237818582
9.52541783977457
10.044393651502595
10.485881960735695
9.691942943619312
9.538435793012692
10.256040985158334
9.988203934863579
9.741761406831579
10.296391384790185
10.48851562768188
10.241908805394681
9.58272356269629
10.363567579578259
10.22352441372412
9.70294524822679
10.125765596599202
9.996402109820105
10.032270496755489
9.521255674238569
10.190317904544257
9.837963009134963
9.330416093272662
10.157433717627816
10.516161109943505
9.819608022155162
9.997396086988097
10.331038999922457
10.617817650166398
10.0986940552244
10.288958950734989
10.249222830825854
9.425771994491981
10.157432347977398
10.156622483301307
10.073033078644832
10.521053788991509
10.119764937790556
9.99784478744162
10.008290776183596
10.763208861650977
10.550372508245598
10.165277130269716
9.855732082005746
10.061009151066479
10.16724360954358
9.777533625619757
9.550014128828577
9.897774111864583
9.656877988984828
9.692161427127818
9.953254248619274
10.704931518561944
9.918486657179699
10.139009682290606
9.807862758693712
9.479643732588078
9.684498270441933
10.371331115204608
9.736247679396532
9.83195613230501
9.562662047928626
9.416573007212602
10.995942149209519
9.398148500097566
9.843154999034907
10.642558000345327
10.129306648457694
9.853826138016302
9.528967472967576
9.765547329468303
10.573096286401308
9.885035701660206
9.026924407651492
10.160426189089815
10.36957921634013
9.109305119978846
9.757703667119184
9.041549243694947
10.242770833541483
9.1654744610651
9.690939260295437
9.852903978203152
9.692085367210364
9.571556987365785
10.288398749880571
10.527068191426379
10.499658718277079
9.365947649497617
9.88289704942063
10.39916342316824
10.276402731008051
10.660425797468633
9.413388137496076
10.088021787462795
9.770618740179964
10.011080156153882
10.068823060068883
9.766803550889598
9.997661488384512
9.702605320785505
10.314334231149406
9.818875475992565
10.095407550785458
9.899299500078273
9.65064636125598
10.20861055550542
10.34932825718758
10.128543649473887
10.191125785901134
10.096846257460536
10.144128391468005
9.979104992370859
9.78306396734858
9.095007289537111
9.980178139742774
9.544935585351505
9.661631757620528
10.137413277870005
10.490700425642387
9.599958290549615
9.847753750972256
10.452531664420928
9.740128240032355
10.133736377874545
10.567504643347657
9.440867905589558
10.003644855802335
10.171734033085134
9.62312616975524
9.83207804868832
10.322405173880979
9.63388382728301
9.830718013232884
9.78176557086707
10.266458431221972
10.250587520750821
9.81895951272559
10.642317651720756
10.128609051349533
9.49829150365588
10.141618799881117
10.231449498365944
10.098375039510312
9.6107449310777
9.877751722137056
10.467841153959201
10.136226855868939
10.079263756172965
9.584859892050542
10.23097360631451
10.524468820640779
9.579896073144278
9.570401793065946
10.151373729155864
9.526052206065932
10.079884436951989
9.025242318759013
9.88037137019964
10.369423581062893
10.258944854869391
9.950831189117666
9.816488640273844
9.341725088466813
9.621270724213954
10.2278834858151
10.142747610400624
10.41310129428426
9.278179161857386
10.25723943614595
10.348278135142289
10.381176488361515
9.80705168963666
10.283691435688642
10.397212859143115
9.530826570632557
10.018552878402678
10.21273935692152
10.335788708744687
9.57609886080403
9.640672381352633
10.013093858703002
9.737326932116062
9.774286155293153
10.319975854028211
9.872257422726447
10.53434995764552
9.918097964694802
9.518059309184745
9.432579977592104
9.5722881429046
9.607976784235023
9.807347838681462
10.116453714201576
10.559015174544339
10.625257371229663
9.856395342733439
9.70915144726533
10.186422052010002
10.514148071901873
10.381147066205157
10.138329072806053
9.885469369401225
9.900568794202991
9.949207312723932
9.802752311898473
9.34431702832738
9.465295014030533
10.502289291287772
9.017513196565831
9.93989449935973
9.78326111675147
9.978985953243605
9.561790919434667
9.51009677982633
9.243607104709527
9.849753438499446
10.057424119581546
10.042989684404029
10.743887851286292
9.926953391147002
10.705324188725557
10.476175992957627
9.637785571608148
9.994193019692863
9.834930666635357
10.193143390998788
9.737950770432207
10.778277118598654
9.650963035848612
9.64547362325131
9.544702000364428
10.271207674592578
9.56875939130465
9.980715685407244
9.629733803873727
9.692665632987161
10.444975645010981
10.042352302408156
9.449290572361244
10.230277083314723
10.524095178657522
9.91928606646019
10.111261110194416
9.950554672611567
9.823928169363489
9.814540132322504
9.675329243501183
9.856711747882345
10.502655725773192
9.715258075137234
10.39441744622658
10.233396109120532
9.740324891547285
9.389804153938234
9.65392390238579
9.711041709704867
10.20648137062074
9.554513211064894
9.267826805451575
10.28525513369854
9.701976438885321
10.158574051551211
10.045583680563839
9.862125901906053
10.954907777584546
10.084307898660034
9.87880988009375
9.866652774466823
9.744429704603972
9.879388294245505
10.578427808530861
9.247332433940764
9.568389124445694
9.532728317518409
10.06135375553486
10.036034866745972
10.06924314656062
10.207467983087913
10.179990689839624
10.13930106605861
10.057695184693982
9.468115845207668
10.307653367031754
11.057362295653204
10.07999396784751
10.369761722037413
10.090211919160094
9.630143808862737
10.82998472044547
10.011418043389995
9.695233319149974
9.550537546167151
10.166094820524332
10.393911479011255
10.573144581993422
9.14128877892159
10.725221597130489
10.222585768211323
9.662151495142917
10.086019367086857
9.103237648461247
9.518012623409897
9.74302491863002
9.971625158039076
9.84450699767742
10.093512908714512
10.512626358791797
10.283938639957846
9.592095227259755
10.483496939180574
10.209389782571389
10.637299790070392
10.044409222582821
9.906091585856474
9.945989851459318
10.00794460292277
9.386269678484338
10.527229259202489
10.328201503157539
9.631436799074523
10.411833986399772
10.140989566276394
9.782383050789047
9.478395929719166
10.057614993560826
10.029734268580409
9.484962283343387
10.076386876942745
10.06291197282169
9.913338268591867
9.689590073351749
9.73366551650882
10.015329800491998
10.302602037433068
10.45260106581535
9.348970163204708
9.98612892651977
9.897164224793203
10.195531877783903
9.469066306119242
10.053398758943658
9.970303070915785
10.5306911418417
9.641404264828578
9.693331880498988
10.641216595065469
10.564516755054937
9.911582188086816
10.629404181016998
9.518139838461066
10.196394061725742
10.090563470851475
9.956827301517361
9.916025047936166
10.273742939272275
10.19186583164901
10.129193792934684
9.55583857734059
9.607275064988528
9.468596549264388
9.924886113995221
9.59284514471221
10.091519301898389
9.987581286986359
10.507334722294628
9.941793684535039
10.047681231030108
10.034756451491422
10.122304939422058
9.920527782977482
9.756693922420343
9.260482720718331
9.764491167877102
10.088749846719438
10.161597389836407
9.737523084066265
10.002922760396885
10.16503842831861
10.328370748119273
10.343930082767969
9.749301288592008
10.133993308038994
9.868200283122947
10.982314713569979
9.931498277102055
9.86661089840089
10.644824578888947
9.838948651680257
9.850923248210224
9.834506893676705
9.68852666313434
9.518646537773467
10.126450997668318
10.36980463102522
10.021549385943372
9.958025385160465
