11.587600786017646
10.432695042925106
10.864038989198098
11.761056951194732
10.909926413339123
10.83925716259343
11.532865283956005
11.583645394837966
10.752320662115032
11.133268385745161
10.782127396895199
11.555148937504047
11.993182537608586
10.588765767819433
11.2904640440059
11.116729866994959
11.180476895554381
10.02813610853704
10.683927526162616
10.988850484251481
11.320168112490622
11.670030389793501
11.667723246332267
11.163776176506364
10.63750504007751
10.937972061139613
11.374275677713491
10.890718134340567
10.87301452490617
11.463667697148553
10.853162680457908
10.69515336477987
10.960756051992796
10.955640752950027
10.981352639436825
10.57260462629755
11.673083557315222
11.090879561492228
10.390850214730314
11.173512630138651
10.80764248529646
11.75680036465638
11.40699861040097
11.080305434219607
10.226510122211115
11.631697590419755
10.64165575727586
10.723715513726136
10.383664187328245
10.783350083169696
10.939839141003779
11.575322901607402
10.662176599540386
11.04504196623277
10.80463799078537
11.06987710586132
11.196677845020076
11.193139394312775
11.41089256074477
10.694868429925089
11.545333762826782
11.364590503258068
11.057569394941037
10.271171300035565
10.941427543944926
11.391895212483234
11.007925177137642
11.604033467180875
11.270099671394389
10.906879277463673
11.795256661626738
11.291494239748639
10.822232583371443
10.974676694234429
11.242798696613537
11.022688598228491
10.628507721656684
10.560053889227705
11.06641492847881
10.946167209420317
11.145153236572543
11.051979642220294
10.801039584322382
10.987740582009884
10.824331754308187
10.743288014200218
11.020088066210693
10.52989639480443
11.393697886460094
11.253676702166551
10.91465893493923
10.997205237233914
10.799131128697173
11.141367723830568
10.875609718327068
10.609746410136289
11.514984108653104
10.909737230314494
10.412349251236172
11.829480344271786
10.499084233762598
10.7192219462781
10.717040971057923
11.17444195666246
10.998892671764997
11.617157469102965
10.547247959440567
10.62664646756042
10.585134621136813
10.803104188687724
10.989787908741896
10.879629634348731
11.091538152904777
10.48886631002279
11.101356498482069
11.158661595318128
11.187042870043243
11.12195181647084
11.471563842381347
11.619567762280077
10.726540849521914
11.164729654625335
10.750606070392193
10.719771226350444
10.590358906036997
10.968538942441374
10.980473287830772
11.010498049559311
10.885059315196743
10.641324905610086
11.424609381147416
10.677661622011746
11.009494880630678
10.4843727331367
10.520650159038691
10.869014993193538
10.456956047362947
10.23959332852661
10.25066688932358
10.534747502669079
11.20493212493753
11.193571026478663
10.798621327360232
11.371328621057186
11.484889693649771
10.864966882670096
11.000962624500575
10.899135505933883
11.269122072650278
11.057394734081623
10.347610110768594
10.434574931783313
10.979190415788308
11.57815979494687
11.241290283384272
10.904648945371944
10.510904176893098
10.58702545337947
10.992447905833297
11.128845359010352
11.138623562476191
10.764167440465677
10.535599225174911
10.833003314743333
10.790448941278335
10.780217416760133
11.34185511792974
11.345902839395844
10.995358772730118
11.70879002355825
11.506307752538207
10.695054820756106
11.09127700221433
11.28956022523237
10.611705521589021
10.825503308288242
11.632412596815545
11.179939679257686
11.09591236728662
11.139742160582765
11.473429266429822
10.722262372906044
11.73243791042748
10.920387528771398
10.982944579545935
11.267973793856694
10.31835143348885
11.17475397445761
9.78392317667285
10.846164394578816
11.048355657471223
10.828258207141065
10.864629582021873
10.926249092404548
10.91615273531541
11.775670030499011
11.36513801592457
11.56851682968222
10.774677543176065
11.4536628404457
11.504260681755978
10.7864747115526
11.16533364641228
10.607190755774305
10.924506301373444
10.832229660877424
11.275622068116196
12.060084640344465
11.484227496350083
10.796476580718469
10.840318088946539
12.044530722534086
11.333486228549578
11.479565005611942
10.486497968214
11.231972703894993
10.638914485398843
10.490729682450162
10.910570595001312
11.18434352907024
10.644937439000456
10.767442884207572
10.63369277709067
11.711441091828759
10.470794906399835
11.173062235879453
11.261189774530337
11.106523156335541
10.92232316315945
10.744403313948165
11.316990919259755
10.683506257592661
11.126968215755912
11.42179728041302
10.652195348278024
11.456636545229506
10.902870292094644
11.126987056772421
11.376750689754155
10.760104392123665
10.796740608123589
11.165999217474548
10.971166294587913
11.480578471029808
11.029028887028357
10.644953896623905
11.040370407962076
10.81614841763753
10.591629700268665
11.025643413745051
10.781121553079906
10.527386800487953
10.912096373579963
11.395647619815401
11.061390009166038
10.497351376508695
11.322685422843085
11.114718216891335
10.792567050753258
11.267709309280137
11.512843904460624
10.921495226317159
10.973334389471495
11.093864806179248
11.145627488856045
10.699551178513778
10.878458616564869
10.631570001574921
11.506430707426036
10.833937932336099
10.284453085330723
10.251056723410144
11.434268104676987
10.748666481440237
11.569812882035947
11.221414305967846
10.966195465789582
10.623115832695712
10.8801714684929
11.195197744309908
10.483202603888003
11.533652332101209
11.114658516339023
11.156080504292362
10.300173723287934
10.288162226386676
10.797866300949828
10.88803005721783
11.642009644285526
10.950494989445543
10.979352118142609
10.95770295889943
11.270299060163657
10.58592060051803
11.035952074960676
10.626590306596158
10.928184668568072
11.284497836076282
11.772199043961256
10.55948191225081
11.176351881733144
11.216288125338467
10.558712802923093
11.079879172869223
11.441386864950802
11.110799020564516
10.756554792254873
10.780408418389142
11.258856421923117
10.625194623618187
10.68088985449185
10.432106315542528
11.462611538451075
11.05949899520121
11.030357390680303
10.78295658599299
11.614180011881839
10.987718435708361
11.129157069523673
10.280694675477584
11.076306805140412
10.872164516058358
10.2708698107529
10.573751267861644
10.51314326212214
11.710280050456745
11.002778538785673
10.962270769591859
11.604084003028774
10.651968468459268
11.095716890248685
11.06110571390617
11.385679147577171
11.935843531351374
10.472518427253089
10.942698660587165
10.417546264387113
11.554103003376905
10.95889711575406
10.941401998175362
10.537039664411804
11.103694941857077
11.188552423780841
10.348986739814581
10.82206108037241
11.668819942522592
11.400160064365867
10.695973064149179
11.428064505567512
11.236480092482685
11.025409658968101
11.31698405687778
11.698466165720781
11.773979949769366
11.360820577202432
10.863977954089254
11.019173016429516
10.388093639854763
10.903691444236653
11.242234489125382
11.23400655936716
10.831294098130783
11.35185836839545
11.354027726804492
11.09454300831673
10.791570530154766
11.055971042670992
10.894218667139379
10.565948852249665
11.091832594541229
11.205031360537859
11.068463277756392
10.941929333428538
10.175556325878116
10.82577830416957
11.805391991108811
11.192619418936799
11.380642113573124
10.470131481420676
11.481266735640352
12.232507802458457
11.608116319531119
11.255522227857501
10.880764970153784
11.034251030045306
11.624215906564656
10.702800540410964
11.29341534189759
10.854137827995602
11.669775273174269
11.026392218747981
10.64634121935593
11.366640824652652
10.32666334539791
11.098562496878786
11.32827135194564
11.336000815928655
10.99046272051015
10.731124949158163
11.833652017349968
11.801573820013747
10.866245798475079
11.099667637537204
10.939913515758022
10.887664018197864
9.840964094202054
10.981357990090926
10.774166604520952
10.257509876442628
11.1788677903942
10.494595098568768
10.931764904255685
10.558436372030199
10.428120619567261
10.669672058738438
11.598171223738207
11.555224984533
10.90884831579023
11.03355986122844
10.896837840397666
11.344702031944392
10.410312245940371
10.83365251184195
10.663612007190217
11.27523898629067
11.305475238370853
11.063308829953913
10.736182177981112
11.600828330885891
12.100371268526855
11.345693773410428
11.082963645703126
11.699089519560014
10.311102695841779
10.85257371405864
10.806299283355006
10.81620604555633
10.224768208508687
11.212861390953137
10.797236438562326
10.964289207808456
10.586641987210166
10.57037825517468
10.927786731153292
10.876943137085375
10.585318100136389
11.039649057921876
10.727864292939877
10.934466704871488
11.13536929242004
10.880066312730557
11.459096666381946
11.597132980318131
11.092734337672672
11.103230604271776
11.782716343631245
11.26495029563378
10.61568820576324
10.36493728459963
11.097382364207544
10.699457584208997
10.409193336313281
11.190470943658111
10.802729705623381
10.84968908152228
10.389980920025907
10.893643223224645
11.543241871578948
10.942769286341337
11.343760310333792
10.812955503734079
11.016459356793527
11.255475991481992
11.691345511271324
11.174767063879841
10.881266082784729
11.76447787072999
11.391172220896879
10.789404924458324
10.981985912123868
