0.0581801755065725
0.027789559612766565
0.004037897706646195
0.0733082053940184
0.07531460486945495
-0.11176735237326198
0.09999265469323024
0.04020019865210159
-0.0713927206299034
-0.06852688106563577
0.23820422584519513
-0.05498443979851579
0.031689120345083976
0.04528431060216183
-0.05696542569668299
0.13771454165506908
0.01769323041765035
-0.0054570484387279185
-0.019033351723991097
0.0705969265330836
0.04608332781283758
0.12335455857348344
0.0017273785949671679
0.057273530446911775
0.05767221096350755
0.03822070008562763
0.0028282979472521712
-0.042681111869463446
0.03259869010915243
0.05213001825263474
-0.019021153587018284
-0.005918690789732987
-0.01953312033133294
0.05823515011516374
0.06350253619455953
-0.14432367582266845
0.1627557750299159
-0.057607542529569275
0.101321269433058
-0.006258803093830471
-0.014042983457711737
-0.00917857365073102
0.09387700130438963
0.022902965155277892
-0.18477061095795622
0.19555057663515743
0.003053564973906903
-0.025846661075262987
-0.01925855124799816
-0.004452140329182561
-0.10627255055259731
0.10629704283884298
0.05808734399148233
0.14514419888855426
-0.003411387096512318
-0.049597543876495856
0.11247079958115003
-0.03307721609651082
0.02548361828954512
-0.034373361781647065
0.019048441914725028
0.07359304817512372
0.03120122353327859
-0.0028148166011714056
0.04778854901037662
-0.04183541768781899
0.021684480965033278
0.03072387171371093
0.04307587605126618
0.00565663103204166
0.0847916612507806
-0.041603197646051686
0.1491374937935165
-0.16300861158777594
0.11148837794253622
0.07151448141459539
-0.021163634196825522
0.03446077828471642
-0.004323264395686282
0.09548068500468944
0.06621965285423477
0.013047183035081079
0.0885072033892479
-0.05748198900713729
-0.040948849888779386
0.031082304107783162
0.04421541816658164
0.08190556743493468
-0.05613084459478148
-0.03519482889406679
0.11231018729616818
-0.0752161225958707
0.05161995295070909
-0.05070046318875002
0.004521308421680533
0.005039945676876074
0.029352302745905497
0.05992109180063015
0.028145706980844447
-0.04424616792641818
0.07164004013335012
0.029189575534447766
0.04189782776589356
0.01898534046146573
0.05262521010357698
0.0026409323932469354
0.15391927025572494
-0.1250526789030576
0.19285578945736842
-0.07701699586566417
0.1608239837927684
0.02017669294697111
0.009466065834546154
0.09147356568696925
-0.015403724337269182
0.09770688601557788
-0.10891738945172481
0.12666869893352903
0.011492495874550424
-0.0026109738568393334
0.1170303899347525
0.016451719172536457
0.06697037909293165
-0.015287754892219074
0.07567977194002137
-0.021499047391814255
-0.00409625834846322
0.026375286135392608
0.08105270491762344
0.0027335543419179905
0.03595238792304329
0.05667395524014033
0.0063514969075095
0.06646548489795877
-0.003905572767231238
-0.0035055792399709576
0.05623877134150186
-0.05089981050224735
-0.05829232377794578
0.16206255668044284
-0.08700107334494396
0.17480584914936537
0.06250401346475787
0.0026921050113436974
-0.07609330852601899
0.03434011635141786
0.034821218849150605
0.02511341268905593
0.0617698662638313
0.017489744121876455
0.03655934891620307
0.0894009820648898
-0.03294053175915556
-0.08107551704283346
0.097944301953627
0.15910884369904527
-0.034496900450049925
-0.045415767788277966
0.008433891723335581
0.07119843685784177
-0.012109768517033779
-0.06880306172935316
0.10523046321871274
0.047977450798230716
0.03426104758950965
0.023829710523957312
-0.005104895655262309
-0.09212571995056368
0.07082261708732443
0.07801279751667556
0.010587615986077806
0.002138346689659137
-0.010756360665938573
-0.016877599425696433
-0.08433726873732435
0.1428477912418917
0.063861319548471
-0.12781454450219554
0.08749881855866855
0.07363391098713591
-0.10717023950139248
-0.05628043192236396
0.11614698446606887
0.034457516446083816
-0.1144084274991173
0.08587534263847242
-0.03510083930879195
0.25898941429927747
0.03161745111426616
0.07504623343234011
-0.06527430262237124
0.05229985030728154
0.00465870699201863
0.03644860984434386
0.04030440619523017
-0.036042349041370804
0.07649377539161632
-0.03640386118303973
0.05475608357818999
0.013103501983718251
-0.04853090655612821
-0.09733963881529414
0.10922667456328475
0.07032649138792202
0.04558681093694751
-0.09620199633963171
-7.497890378289682E-4
0.017558485677330957
0.0868558650620332
-0.0050534797389723074
0.00851178440389415
0.11019512156649805
0.025263611322951202
-0.023516960436719386
0.18168945071200948
0.0036389551695210913
-0.21262211236040618
0.07363919993998537
0.17540074528415228
-0.0020437307232624028
-0.027369271315954194
0.09419530031951744
0.05758341569737844
-0.02084381967720099
-0.056793972440586
0.15766950900892213
-0.004832222413256365
0.058522209730062155
-0.09090071444776242
0.011259943733180646
0.039343432555686446
0.11404600449939774
-0.02088466385380813
0.0022344253446244613
0.04548310251497416
0.03149605704919283
0.08176405113254319
-0.013282904137648164
-0.04086346000409974
0.006749712968496055
0.14179092501738622
-0.06754657675243898
0.06430890649802476
0.10435388735666568
0.08246244019740503
-0.09245241007746649
0.10539161814884758
-0.028596220657371687
-0.083908428116368
0.04038709850913224
0.025220779051955793
-0.01567300748897758
0.04716388807464161
0.07937943968733184
-0.03976703022716277
0.15899015330291977
0.041160404890546405
0.016720681369761636
-0.033321809316228766
0.08222030953700911
-0.020720263783804732
0.036829778706827396
-0.08044055884033031
0.13399380954725065
6.649157455428056E-6
0.07033579856212138
0.00385143366577272
0.11637235550146952
-0.0865640763657365
0.011668581381259417
0.1444923719127691
0.15896543432926194
-0.016299891315939823
-0.025794282440946864
0.06219497003716728
-0.09733301508859166
0.11091648476491538
0.04720421422648466
-0.030535568133894735
0.14580708258400898
-0.0733187695437799
0.07562075340055831
-0.09968054589611991
0.16772255671688338
-0.013850781775609462
-0.004441416562602521
-0.08977069691429412
0.15839943978150245
0.010089513053093151
0.005720306641189981
0.00598745401184453
0.0463669012967516
0.051903847876887114
-0.021753502830568715
-0.07112587484438622
0.09011471718679694
0.05565912241204676
0.036007705972633725
-0.1129114809713584
0.11382341911876642
-0.08482871414217028
0.10701243975688206
0.04552544240286605
-0.014362840963655314
0.009603264773724406
0.03374613054321232
0.04343956542698792
-0.06123089208042954
0.07331853634425615
-0.08137265497705806
0.12244425764808607
0.15751063125807804
0.04719855590905944
-0.022945590381312372
0.07812083678478594
-0.01212012036253079
-0.0592128841292507
-0.016906508442211636
0.09627146121232633
-0.016904190816853633
-0.004626215295926429
-0.021213055405245144
0.023036644893836618
0.0436929213045562
0.05060957213581973
0.013391098260274391
-0.01988644741053037
0.11297140116556892
-0.15784586320693275
0.24408127657798528
-0.05319157896789256
-0.03493925249733616
0.08348456853198105
0.06016051066575775
-0.04620041309143293
0.016404327411349635
-0.04381228896724418
0.12362964059034759
0.014736295910521658
0.06504440482331333
0.05654664151532534
-0.16948460761534076
0.11179335162894753
0.1026378729446005
-0.18532418622546454
0.039408244077670275
0.06964356777596979
0.050603296896688924
-0.05392995377993851
0.1483695222700053
0.08569530984280667
-0.06148772027915487
0.0017222924021309729
0.03315428163358874
0.0506352310495999
-0.05133322716944945
0.051585253319111256
-0.02384838124161826
-0.02453967410330103
0.046131325270212034
0.10542731814029108
0.043869576825175796
-0.09132441567747623
0.20067891494186121
-0.07904429346355316
-0.03324027680825146
0.07521251958689515
0.3511292091767043
-0.17648780482958873
0.10277772565030689
0.09280610533856429
0.07058294101372524
-0.040915357368609226
0.005869878414667524
-0.03509739283761298
0.10312170247228082
0.0512448519552551
-0.0777265348392942
-0.025907518900731567
0.12873542469586527
-0.19343524406188659
0.42246175588257207
-0.06748891182574493
-0.13644111552887464
0.1761702331505857
0.07796216961687459
-3.535556130408366E-4
0.0639470470746557
-0.1792718937322523
0.16605809156065496
-0.028890917545238055
-0.1885202833549197
0.26631911788204976
0.00588706342251889
0.07124659937326311
0.048744186016403734
0.05324474944845993
0.03878333129648602
-0.021184427163266087
0.11128371695339474
-0.05142753673634087
0.11746714018100232
-0.030553256237685712
0.08122570974538551
-0.04034480563394727
0.10356531513356634
0.00975391889319127
-0.06292820858858683
0.03293234906415245
-0.035735275367282965
0.14186147557555395
0.0441400945403092
-0.26706882335673054
0.2873640878030668
-0.07058075769279225
0.03175279104721631
0.1313750736824919
-0.23319572723016369
0.2009856874473966
0.03349912715693859
0.0257390985699263
0.028277419854480325
0.09474860252550929
0.07018284496174816
0.013104297284215426
-0.08255106013231292
0.07476769825679387
0.032922600434334294
-0.015066353635742354
0.041391473981483615
0.10803146248321988
0.057256894703381654
0.13292608196237668
-0.11027920009645437
0.11431780117220017
-0.019988774791642606
-0.02085723375950108
0.07736548704980484
-0.014740658889264664
0.09522726421633189
-0.012450298054491705
-0.11200499351273017
0.1766953474592258
-0.1001236757761751
0.07373314000698626
0.01354871637812226
-0.18581706952436602
0.21654656483053203
0.046356235767615765
0.08514313956459366
-0.07469633112630199
0.02182158397284614
0.04668592322343426
0.04417143515084494
0.0030411504578739335
0.006400899167464056
-0.03535651120096087
0.02432832403543219
0.011676215020938475
0.0018508956022279103
0.10788648011858193
-0.03289671074817078
-0.010098258369768685
0.04443549862511383
0.011229693470037157
0.03129987640091428
0.07292973472041903
0.005688518601417943
0.036559306131608835
7.672919357903471E-4
0.014178294774232974
-0.007390184627320875
-0.023045163746362625
0.08874541374217446
0.07073300108260873
-0.09956197124733472
0.06402881750168452
-0.02591773992633766
0.02244907166561289
0.014222206791465063
