93430.64184052855
93816.42219578948
94954.22226935669
102154.66790673533
103326.72756059722
113076.47938786447
117299.06048852619
122359.23739650771
124686.34819653716
131964.7567833481
137185.44980638384
139129.46409206628
146892.55742179803
149594.80680508263
152905.09586359287
156814.78851115867
163206.0451235777
175629.94236699337
169975.9890415943
171410.83107251496
187089.7953046535
184944.84245834462
197211.25102210374
188292.91270631223
195745.10572425846
205179.099279599
207795.2583820994
211910.8309665874
207834.712948413
214937.55939531533
218688.06834587245
235290.04733426133
207593.11380262868
238921.7487794829
240732.5930313455
253321.9466921055
263371.7458316683
269830.9821200523
258325.74039682376
279739.8028157158
268303.09523709025
273371.2132539697
289709.6049227871
285400.3055793824
283012.3371506411
298611.3360004117
317846.7721512017
288844.48763375223
309231.3532433851
310097.40712963714
322879.62449377123
308315.00675987604
333985.5568997701
332881.76575356076
318555.55738499365
353028.2425877754
340327.2571222109
331142.63094977516
339791.01348195836
356439.5480634959
349193.34421850875
360476.44994036545
373991.2553588489
371908.404304906
374859.252237032
378230.89705257537
390645.90147794224
380388.9634171505
399442.12756057247
381436.73232142616
403507.8941059573
398272.5145340422
439634.1059954099
420156.5519391375
415048.5536624693
447470.15396310313
433900.22266611736
425747.81973999797
451424.11647481937
446463.6908088801
421692.45861707465
467462.62922597496
473726.5317537758
461864.34291951713
473796.69087139703
490220.5992929139
490780.96980146377
497153.4314210855
518790.7048614007
495360.1404143574
489838.10853020963
485231.72629421117
500677.38886959344
499468.53624126833
506262.78935943573
475394.8660592517
505177.57741205115
514988.77821146336
541141.3615775342
542039.4316617843
550091.253025021
541472.698725142
536313.1708790709
555254.0348475866
555736.7353671599
592965.8027805577
543671.650949199
559429.3102118161
554478.531542595
547214.2201652258
555043.6162149821
566387.6085730803
581135.5820851823
583260.5756545429
633208.8418177132
591015.3251521525
626980.1772877205
605186.4976145887
610406.0139786005
593308.4164660048
636594.1957575368
648226.3614256827
621045.0490150044
640520.7517015802
638141.5755995328
643212.4312620198
719376.4336895534
679462.6594328901
656460.9233303516
650582.4309547901
694833.0915855522
644584.171212613
705527.6763595334
678917.5174129774
733518.1304482835
648313.2292361475
653756.2561793018
706729.9471089061
712377.6482479718
745010.4105175886
672747.602920241
726253.9177499705
751146.4100849114
761017.0025002621
694605.1436447568
773624.7038228713
751654.4432379191
756681.488082719
750743.084065577
746442.1488329159
724194.5020877365
770545.935129459
765409.9201272173
758263.9056399037
809058.8274732963
775944.8470272123
798974.3313356473
787990.8095552908
821693.1042276031
824897.583283399
780151.7470428499
831238.4662088674
793873.7295363054
829965.141809533
838523.1025119512
826766.0463796359
849064.9141250858
779430.185834545
800366.2029175758
805828.3610867056
834949.9807519801
850775.1382944775
852731.129772662
855038.741956579
865050.82805385
903686.8784662373
856257.2850344316
873876.1347941996
937555.1604603278
877214.8477397788
874720.954549502
904830.3109845715
918475.4298888241
858505.8994145264
939761.003207568
871983.283274751
981365.1646888917
943764.6356359349
931045.2066963532
906457.0922315173
967583.0270542294
953807.8524963696
928657.6930276582
961929.9333864728
958153.4579886133
980062.4692931249
978447.9635450746
921466.1207408253
973097.3304838634
1026133.9917993336
956231.105492092
954981.2443289403
1036282.3684080858
986467.5454595372
1057328.494573151
1029027.4232254898
994407.1908002908
1047693.4155448404
973281.1295810837
1024187.0797499237
1055688.431752685
1140863.3701398876
1084934.049954312
1052146.0686487302
1050333.4718096587
1048339.8030493811
1115328.2159506348
1089529.1041296145
1067394.3178534554
1006243.7840366381
1087354.643792965
1043178.3106284502
1102235.6139314112
1008942.1649980176
1132837.8519375667
1173250.6446364024
1158389.0366234942
1065352.4042838037
1075886.5892960348
1026984.9043961436
1127048.3886081686
1131970.815588592
1157894.425006258
1068042.6679151691
1057881.9364271134
1117467.3510153566
1165599.4880688298
1151677.495093795
1214396.6824365654
1195713.1195452502
1191029.1160266767
1252497.060080203
1159500.1300141017
1236797.9540320574
1171474.0880396706
1222803.6460406345
1248737.5073241042
1170499.1683234377
1224484.7777983912
1252764.9581936966
1179856.1025872873
1252265.0290519225
1278118.9724735713
1220861.6397477826
1265299.2387530676
1202140.5151501065
1313673.2369787176
1256872.8627141607
1261867.9418980337
1277878.4507404608
1270063.4563768108
1352973.950057163
1293155.386275216
1235214.9665913312
1260614.6498914685
1273777.813412167
1232124.274516064
1264290.1407149397
1283981.1765808281
1273096.076056072
1244947.0980010766
1252452.5739035609
1278182.2550277442
1294889.8496441294
1270244.7799459714
1311162.390624335
1324361.8216444124
1295927.087333565
1321291.4107203754
1389597.1376647826
1283239.3564887946
1314313.4636951317
1392540.3496318762
1349846.6941417498
1323821.5827480142
1241749.7255439076
1435727.7306291326
1342107.7659512847
1354380.0983906838
1363369.941207562
1350568.135110724
1384119.9338384722
1434519.799923887
1354405.6885789454
1426240.3442819216
1503331.9607949776
1475129.4901094344
1390384.8845754317
1453806.608981838
1499440.457446889
1338431.3990762045
1404975.2844069838
1457234.4253724292
1423435.5114696645
1388343.6145945454
1466173.9937123226
1470172.4574460061
1481818.2871664485
1383031.3679773607
1506092.5424113476
1449585.092516395
1638123.0101228368
1500996.503970978
1487984.5725944783
1541704.1474333082
1480476.730518551
1623678.359500378
1464277.4231718215
1541894.641669844
1558746.4392992577
1661618.762448858
1531857.9200493922
1476248.274837486
1521277.978578341
1525865.745887355
1589416.8550798493
1595749.4473618232
1569838.7959251062
1521264.231677044
1546657.9973664493
1570923.3797497973
1544255.4945908308
1681298.712134181
1664466.9671312138
1530871.8739915923
1581492.807892101
1671088.6704319553
1662815.6775703563
1648850.6943558478
1656370.537769729
1595367.674042841
1717765.2943590216
1593379.9110899102
1661422.7712192177
1680771.4853898864
1589512.8705106815
1695279.6351574452
1643527.677457973
1603037.8799558224
1684673.4170153185
1595955.908402908
1579221.227455529
1589850.6648171193
1679684.9330122978
1699592.5636840435
1600043.052081435
1704059.2228342833
1692908.5486146691
1623010.0003298642
1578288.4085983962
1693492.9373074805
1654765.3589503826
1644301.5356495883
1778145.2997303281
1724838.949689586
1777253.6806093738
1698562.9842069054
1732618.2430223764
1829496.7016013572
1735386.0113716754
1822315.7097258905
1767892.6332655908
1756694.4770521317
1667228.291376797
1784201.6070299712
1664314.6025830333
1821046.9158402595
1752000.461447974
1798331.352213367
1724731.7588069567
1797966.0531700656
1918492.886110015
1843865.9459381215
1773385.9531721156
1730051.7487487332
1860467.988941671
1743651.9837721647
1859247.302620612
1781741.0553329594
1865735.6745691902
1896316.6716253844
1758747.3064751418
1816394.0724679956
1989233.0655025358
1816948.4167059648
1828093.2066169404
1887121.8891657859
1848470.9909985405
1817083.3366022755
1996494.3430506808
1912831.5115415112
1881224.6977645622
1898170.5111900815
1899928.4151372116
1998119.3489201341
1956038.506787933
1847248.6418876054
2000740.7867175764
2096465.559061108
1807269.7126147014
1992478.5138648434
1956376.2027982967
1980496.9756869827
2010230.2419135286
1820629.6143453654
1888349.6456896816
1930288.3373039193
2046421.8528415542
1995644.5248251988
1920744.779327422
1869752.403502741
1997329.8484649302
1975037.2667120714
1949089.0003363509
1913125.1140936185
1935296.5708363515
1986314.0629874677
2106790.020451918
2067884.6350027807
2025761.5565174802
1995855.9037281312
1921918.5156664068
2084386.0666770681
2003632.212062739
2103831.54261759
1988855.8767740885
2098282.787344802
1951091.2920399313
2019819.3746815312
2009904.4151575565
1946864.2677609988
2010691.9218038868
2025150.839959619
1924442.1205783377
2187773.958668226
2148130.714567798
2168765.4898557197
2116815.3376838244
2097459.5290108323
2295848.3036492956
2195946.9487768235
2124919.7288356265
2135099.9469755944
2148282.783317058
1924039.0502891534
2097460.7279411466
2188331.864129338
2181198.2834579227
2195505.427890948
2246685.9748940608
2076779.4504536723
2164098.1673758724
2166491.040362448
2182526.8694040175
2253473.867139641
2355859.9832885955
2214634.053597956
2089455.14392848
2255965.060735107
2317791.1548642297
2285057.4387675375
2241236.899512818
2213546.112498106
2224888.0512679117
2180346.594779001
2154200.6229954315
2099106.2245741035
2173849.0091024074
2233689.4482418466
2254610.329691616
