9.525828059115604
9.82744354164265
10.314360903087655
10.04387204554381
9.790901145170158
10.099961216829241
9.739385759437027
10.330301305627465
9.563271003188282
10.027610783211426
9.958628995340852
10.324035611463175
10.167958113875438
10.365240134310165
9.34902954037584
10.086160268214654
10.47417815030624
10.279230901687315
9.729560599314116
10.060768985647787
9.835207120406261
10.221288459679897
9.61718113125083
9.546273168894157
10.472678941265157
9.628856881658804
9.881773750165554
10.23061381792693
10.472013478725694
10.153226316399744
9.838739666334563
9.762191039716438
9.957971640091037
10.170365725059348
10.245091351188826
9.934936914185114
10.183543751848484
10.177707433590722
9.64940834931627
9.75834148126107
10.032007961478612
10.050132321095795
9.259561099729865
9.678227993495074
9.460953280423135
9.409479800758234
10.236775136730733
9.928006347057071
10.156270458936241
9.61221738051515
9.78127129502376
10.439203151022983
10.56288276834511
9.524798712060447
8.970250826717372
10.33619196360024
10.132253138919264
10.313728298644921
9.469278449977944
10.179156072950926
9.994837103667388
9.780977468161728
10.377039919684073
10.009692783032829
10.118006452695937
9.940404590456707
9.783210611129764
9.693635156671416
10.280571749191838
10.011882476730124
10.16429671896039
10.166817220160647
10.015092173614116
9.941834419888997
9.495628655288927
9.768050430895546
10.166395789995772
10.149892473293717
10.103481728640988
9.671934379328661
10.395743160407417
10.135827049174452
9.797327560390906
9.56632366846202
9.553712789626495
10.040142037571746
10.427775406985099
9.635744433341095
9.607605997790717
10.22297754564148
9.942250585359899
9.764855873768871
10.285879381611757
10.455576612449118
10.292269938332257
9.526881307182554
10.348042455112317
10.190745937445499
9.752839120481928
10.009863409872516
9.991339799410706
10.016417383665118
9.492063172887345
10.171281917109404
9.811582604542265
9.290615939587669
10.057138112889012
10.52907497459088
9.730898708926027
9.98127256797971
10.224760941584458
10.611786991455467
10.075779838598153
10.224614872067663
10.250921038033965
9.328076016736237
10.211861418921057
9.976719550410623
10.115487006993899
10.565932016471995
10.029460134202084
9.981434439605824
10.00757988463068
10.65062074624181
10.488707230924861
10.186735457134997
9.912700578769005
10.007961584731062
10.059271454662476
9.74880811461765
9.590683455921315
9.815026504037451
9.689283307507079
9.625736434323803
9.930675820491055
10.708448756311187
9.915286217009461
10.109032372317266
9.879306975669449
9.292749342392911
9.745486367056415
10.251170502898253
9.673633892049113
9.82926910712977
9.613115505129143
9.394751863701527
10.917460623280265
9.410630820896325
9.755423820638242
10.610925681598127
10.106215492423194
9.803731064956628
9.54937069890387
9.793992945144177
10.461274726274977
9.81736689345564
9.049322989767317
10.165171077504155
10.319860601787708
9.135538072549801
9.78286619653745
9.014106630432982
10.178165261553236
9.166296745872364
9.682518031083008
9.802951157653565
9.723117174348967
9.612322909388347
10.231186885164943
10.449085493841968
10.447237935688328
9.376314136946547
9.893621852170607
10.347071643359026
10.333152512333951
10.602128988865188
9.39976704032497
10.175465707635022
9.709186492613489
9.99057302702779
10.041802457604275
9.836257197948155
9.907628885046886
9.69407670076605
10.414916491986851
9.719957762759154
10.063345511829814
9.757585035989925
9.567989874117353
10.14704494325813
10.428426965646278
10.089690803060176
10.15937487178264
10.100625265935603
10.117309048628558
10.001711920687852
9.668009613661111
9.131394323230484
9.885807494484899
9.608699215652404
9.697143163616909
10.19415033411422
10.38132140769271
9.529852105130479
9.841529941043175
10.506747563167862
9.740877841682813
10.129682084613775
10.49467376756556
9.408295219324563
10.035256895996477
10.048489125767349
9.597842392412849
9.855578584946047
10.181387876858759
9.630242798613796
9.96344443078391
9.695083013015152
10.172486962661868
10.280041812911852
9.84636632327086
10.506196683641672
10.11124961283879
9.45603357414602
10.117433370154268
10.168635296261911
10.143782606215213
9.526650246969263
9.96838535495445
10.442665849061115
10.110353663996538
9.978151651136903
9.567403602026609
10.228739834238189
10.520910995571874
9.497852602155104
9.564887809869383
10.124123481605725
9.528783420433268
10.073134931113437
8.943013772220048
9.829926693772762
10.374268457123849
10.222763276623287
9.802586287967797
9.921702728535857
9.273289985039098
9.675706195940021
10.202774493170958
10.129323440294778
10.360294902849073
9.343695801471823
10.223705894746
10.268938665318954
10.407057313659202
9.660606646811413
10.24259227694796
10.339130438155065
9.56413065248144
9.976268879188972
10.23352847635501
10.312836979329536
9.542036837392548
9.621861992021037
9.986456669671695
9.654154045985779
9.783472701294349
10.231021742301307
9.905950553441476
10.494693256148782
9.747592665359877
9.459853665075961
9.474144726394037
9.547143861931044
9.571267913842052
9.838992499395829
9.965670357085298
10.539917352289901
10.727331935108282
9.74933175372203
9.704699493160636
10.151404719718807
10.501775138093047
10.295537878321928
10.165714072196959
9.837445366882726
9.963754631006479
9.790500465918528
9.871617343131724
9.376120344716739
9.40911785267392
10.442085198511805
9.025754834737443
9.90886527461615
9.827975868624584
9.902153059730715
9.569824722152315
9.474012124630713
9.245150161384963
9.801238344954024
10.115248818104975
9.96256588391662
10.712590635925038
9.967900424369208
10.638992662593411
10.456278871504033
9.607262017603606
9.975588657865517
9.840227947766975
10.233467171429382
9.628250210301447
10.692110379677796
9.565505371481983
9.720375048423662
9.416761619970288
10.310852008817934
9.602258295321976
9.971023345251163
9.558932204986423
9.722553624900282
10.32568860357085
10.131109475068811
9.451349833871655
10.173049512289646
10.459748105306149
9.853338087325191
10.171842836020286
9.890403852531728
9.889486718370154
9.712395567255045
9.676853717713602
9.891619329319315
10.405274488334925
9.642271910360195
10.39905967011496
10.244313261160855
9.745140548978295
9.365696088939423
9.588098540003017
9.671691676346544
10.190776687736946
9.646962204407295
9.192709737099104
10.251041228013433
9.744222859716054
10.119117746149088
10.042841549317114
9.811618442244901
10.935918637043219
9.975735755734744
9.858872266271671
9.862404453108217
9.8080955928583
9.819988017251902
10.541909888660353
9.27402208486785
9.555135781678473
9.531205466742886
10.059064888281913
10.016546767911999
9.977398289513745
10.177042872058012
10.189518791159427
10.032152421065748
10.029765344045222
9.577958930072718
10.205215092375065
10.692117977831334
10.215786730085883
10.253299396618853
10.064562024582111
9.610801270322293
10.798890487973999
10.01890143578215
9.665885077281112
9.562083515866089
10.128304531023296
10.429883785367037
10.570821440228833
9.024594749000183
10.832223648080495
9.91887375980054
9.69079597422491
10.141615310678464
9.023822236192549
9.503348052706885
9.69169012098551
9.920997545206044
9.944121847415685
9.980517246052397
10.541462743559773
10.416899526620442
9.325299846847757
10.49160484093298
10.165298452540263
10.574432670217872
9.991143701164756
9.814997253091404
10.00722571139572
9.949342790735358
9.437517741689415
10.381931484201221
10.331146197114926
9.588446445157714
10.42431592842023
10.077707861953533
9.772612081357112
9.415624536733846
10.105495541914216
9.99884078689179
9.431264045878368
10.05899832517451
10.180324709471982
9.808730468061123
9.682838859939908
9.663364401506982
9.99034374943842
10.438228097077046
10.26550963733684
9.315385746925939
9.973751305563807
9.855736430491548
10.06056308081084
9.487388216725572
10.01360249317303
10.039438523779863
10.441990852163286
9.634164326594806
9.708409209197411
10.585753476856533
10.428684872077618
9.893830499579757
10.482553720437588
9.615570442691826
10.068700479002215
10.124054549203276
9.964404128955293
9.838595031177658
10.288463922486073
10.16416354453773
10.087817609551474
9.654972286032828
9.519435741875961
9.44281296940817
9.903970894736446
9.579286018802005
10.182266401825283
9.849823871517192
10.503016744630187
9.896234628227706
10.068710811780758
9.959816889346211
10.116116794667617
9.90275105863467
9.753647985120518
9.25408028590896
9.79981603183282
9.95818422508214
10.190689664629488
9.81418757089383
9.881765273067456
10.170838344983453
10.379969660144807
10.217692629923809
9.712189355245943
10.102637918395375
9.847891908346591
10.991280395257627
9.90815966680551
9.839604619006382
10.673326208976802
9.755286161031407
9.913607942502125
9.784909142326129
9.66926857672742
9.504035403338895
10.170878727634792
10.313208302130013
10.039190730885228
9.864917511519563
