29.107464384831534
27.241366712267133
26.80376964395423
27.985644610580664
26.99596296227149
25.48580065186359
26.750625127932963
26.78420337758143
27.883558629000323
28.45442222857324
29.511079618278565
27.558310931096354
28.904334088433618
27.446462772465363
29.084658508096112
29.256925218783106
28.874985461207615
28.013933696742672
28.074364854484724
27.611098926564377
29.57017257326457
27.451398443851815
26.969977691162402
28.224090196895574
27.922324588715973
27.948177913657233
27.933485396993603
26.172576633197348
30.208037307004872
29.224215297678764
26.908095887068708
27.824966761153217
27.932627122134893
29.003657447858018
26.218009627280814
28.518785037676192
27.881111303233673
26.506790858886156
27.691772029667973
27.791292495029225
27.54710308713131
27.71207374037049
27.282688596634856
28.26677998888084
27.097061773309168
25.915752820718406
27.37345807451208
25.801710136057967
28.04367497506221
27.750915387651986
29.49071522950415
28.947214389543923
28.190848518054526
27.73290587250184
28.405790587066768
27.127894128361174
27.095214955998422
27.243712063402022
29.908705044001202
27.83777020331374
27.743441084790206
27.531128510341688
27.708090200234
28.74350768558229
25.640869213732977
28.09490924735042
27.159930632513387
26.855402398468186
28.318951975390117
27.52082074480166
27.60714304923887
28.319024749883933
25.981688071095043
25.86834143911633
26.720990959055893
28.51398425325206
28.466438009321465
26.50889974533924
28.068201607590858
29.492608615387415
27.399287470614194
26.12669917378209
29.432198468400493
28.65443793332365
27.945195136123413
26.822719792938543
27.726798621106315
26.61362827871059
27.86605643108325
26.589956340028
27.442185325123525
26.055919563460247
27.746593261177235
29.888448040654705
28.375652340627024
28.698494978879957
28.877504763564925
26.57737062359965
30.6387226234764
31.03376559743996
27.849203892864224
27.575198773420027
29.566032995543992
26.492950842505866
27.733220379710176
27.069213570985546
27.297285820257287
29.20081709494472
27.77309843922645
27.49942514966539
27.25682837085561
26.65385884362198
25.810484505520392
28.98351440727176
25.995622097083757
28.829159314688667
29.58984573245283
28.848432148635904
29.75653336279457
28.821690530220668
27.42260428319458
27.9039566036461
28.896564627631307
28.67743864873961
28.66015314227593
29.277451559560852
26.962967349597804
26.487955882627734
28.116424001572792
30.45833004722495
29.10882340743569
28.907072111624824
28.157202414848822
27.804342987220046
27.861849870278267
26.428086293151438
28.134428739756316
27.996350372460366
28.089173420716996
28.0001575947991
27.37085183071604
27.731198280397418
28.015829381967396
29.38023081648363
28.212389303569328
30.251632992850165
28.125559235483305
29.558212468657626
28.008688534108433
27.94037661016018
28.03506120457075
27.000610700332274
28.059009085692743
26.84992016415452
27.62481893594577
29.74267152730309
27.893035301121305
27.64995546417182
27.840701917952693
26.957428234190985
28.718368326594142
27.026412320965562
29.225696467926642
26.970659060820402
28.246691798763425
26.39584785842417
27.695926258486036
28.201429831146815
28.643108905844002
30.13167667852178
27.947909220043236
28.509880838900127
27.060584634462323
28.08864960756919
27.171373127337166
28.384095511852255
27.689221948097796
26.678628398316555
27.601654536875916
28.40611181272299
27.66712134201958
27.34610972297195
28.05454409853484
27.677195427099573
28.592402721473462
27.92279957630574
26.92911835833605
28.019226292496427
27.504243203631397
27.25456401262425
28.78473659476535
27.17790502381643
28.28975740530269
27.382846734868405
28.00571191143193
27.274916183528564
27.999756579876305
26.62751975737298
28.532002789673477
28.070302722356253
28.70871865352117
27.551613666814763
28.42872538577906
27.81931990706634
25.917909562875934
29.479714497788688
27.90692339895251
27.69582371006025
28.106452295084093
28.37140054267717
28.519652234041015
26.52288674738897
28.43696483856073
27.54091378515184
27.291836399605547
29.610015664289676
27.351609502725367
28.74868588050066
26.536003665457486
27.39222406964054
27.623163273140243
26.55071294408716
26.23639487654129
27.48172871503413
27.47396101531872
27.46126347465923
28.751318678309737
27.522768054121027
28.232068329788692
28.45861684925776
29.25300166621907
28.25619895231872
27.558587864385235
28.346062590176558
25.718527691587116
28.15495453531808
28.12531269308479
29.409022328645058
29.973741573166272
28.93650250046112
27.93717462007503
27.415403631202814
25.822110099185693
28.02198706070883
29.131231495794978
27.18486513115126
26.529458338979104
26.430516159736126
27.492674467753186
28.68436504680164
27.251804501878144
27.687107455853212
28.16540931084151
27.788239870708328
26.317620588854005
28.897196758268432
26.79149022435834
28.06624707828444
28.38746067990854
29.294219188356546
30.791592298527167
28.94123277292543
27.78946746702415
28.708584472956453
27.089538442384868
27.859286413775013
28.039909479414177
28.10844596972714
26.74561521715509
29.084790877158987
28.871355119253987
26.177934329510112
28.00712483086559
27.70043448721193
27.029332787373626
29.849986364877612
26.764248243264532
29.069795002625618
28.013869872096663
27.333811352370894
29.228993753540763
28.046130365941625
28.10070170621401
28.189302454857
28.56990240727601
27.263106242595676
26.943954949406084
26.486997434395796
29.058817932959904
28.932819008208522
27.012500502487928
27.554592745627737
27.929199938634458
26.908530273131646
26.989799642611032
27.667304269759757
28.454343027058574
29.16188394589974
27.693106476335394
27.13431679219201
28.64315065108915
26.804300002021666
29.84506969982756
29.76085236195181
28.130282819758907
30.41963206782158
28.248068431798195
28.6625784454536
27.390872428637557
28.953368007889985
26.918916043092004
28.016466879699088
27.304149043807396
26.626970366867305
27.065699983578202
29.202548257118227
27.208143632782217
28.552687457345243
27.703710038027687
28.154214867683475
27.569367129625835
28.34760467258836
28.15313242370204
26.84302515232935
26.620381464846133
26.875033672111773
29.46708547308114
29.718846235646748
27.92184764439557
28.530101046020782
27.41679844410627
28.34721992092316
27.56382864236162
26.77818504597881
28.96916837334315
28.27351488590215
28.359798506421445
26.709684723641285
29.408459400158673
26.45769634416351
28.532810842651454
27.449587345609494
28.60853256826032
28.125696099077008
29.514609200675885
30.740665279682165
26.940289757119032
29.067772706364853
26.991942124341616
29.315666035254196
28.647967580652875
29.297653749007075
29.23078018791513
27.60949516414637
29.583114177339404
27.615437850260196
29.646020464653624
29.264300005111558
27.241015928942435
27.515836254051628
26.607342595999146
27.739859563076493
29.951225126400093
27.71837823347791
30.161272448024064
26.188904063365513
28.655110905103722
26.62968365492379
28.49874287643191
28.653559881808103
25.526464736766727
27.07031742856314
28.975147842908235
26.39905964621479
28.97639547794587
28.95547830155081
28.280509687757657
26.862233973123757
29.885384440208394
29.092980048905712
27.86315577739124
27.670384855570834
29.85678898583501
28.900429160743787
28.455324038737
28.36502939034899
28.11137729883056
28.67463683420022
27.464634617836104
28.83273728036906
28.235586609993533
28.606013573666107
29.899284869473327
28.47845284320248
27.855594626717593
30.82434399812051
28.637471883803432
27.630003108393574
28.086768956280828
26.63042087404534
26.5718017575577
25.394577422841706
29.42613220355721
26.854703530101606
27.444227333255682
27.858732730470017
27.226306606245444
29.45508327144038
27.495773805445996
27.519816237471655
28.349701127137397
27.011573400679175
26.85556448183675
28.24750848000714
27.539718143001092
28.033470640436384
27.41405591773761
26.6086726277578
29.443466439434783
25.612490823529715
28.493518991215353
27.23184709656355
27.04288366496777
27.015492274647148
28.456721205115176
28.853159161845586
28.916480659984547
27.256792371795918
27.69331312099174
26.528657091322057
26.77658675692871
27.379032632115493
28.654371805768495
27.06119468037164
26.781820022264256
28.608587839682418
27.652116826427285
26.6576253282917
26.795522524683747
27.9733443561286
28.63636683533152
27.245111151388915
28.965175873238024
28.32375080724261
27.774775571225433
28.96966584143358
27.687455585765875
28.517245892046624
29.176677509764207
28.13094097455615
28.286205428448664
26.357316378233055
26.5169424086754
29.100079925280944
29.218357354900306
28.748469981219646
28.91725314219787
27.596224610760963
25.782117317728808
27.556084917371276
29.640295187798806
28.912712819818406
28.585428838186996
26.64332931362168
28.232475597219075
28.52745262478708
29.063145602085218
30.11270229917852
28.143448701202715
26.434563636041894
28.86962531903591
28.288355995701956
29.93909511946421
28.88984372301191
29.44679707728549
27.669501694219594
28.29105953130338
29.59306924776964
27.81528902893766
27.80181796681753
