5.79421683985489
4.180141820440361
5.1622824166179555
5.9535290905479235
5.326289556258788
4.483528767153858
6.117285234238859
4.831604445625952
4.704210698274684
4.397066975514308
6.441387388592139
7.000272757117193
5.338843744835974
5.123461968968176
3.344904108333037
4.276825023616241
5.2451033344859495
6.007794369335388
5.1858858149902485
8.55428674022978
5.083038539026394
4.263379779411502
6.448310674271736
5.273444114220229
5.760364337646865
5.4881157950163955
4.013050278313255
4.558476052908884
5.447779627427933
6.336657296574531
8.743399305844484
6.03769029433763
6.900151169056472
5.571040840867566
6.541045687324509
3.8386134020678813
5.519017731028787
5.068859016603984
10.376623640288496
5.945581180758426
5.367216607275112
5.027777754790575
4.939737379612964
5.904895640821504
5.971403653688663
4.983056100312553
5.235130404712673
5.116124558357224
3.9303485342917237
4.386031067891475
4.095152886524064
4.890782610327796
5.992922082335003
3.8301499696955585
6.317727482349992
6.348369481065573
7.436242023380648
4.965231495409649
5.975714737508581
5.18369989405882
8.042611270638773
3.710345211238374
5.421159904312308
6.772665897374469
6.115064370594397
5.217467571596549
3.6465390120863472
7.511803443528751
10.230030702220496
5.2087135877576785
6.567178793425374
6.621780988667397
5.279557669046498
6.610084433299032
5.247158591658062
6.595423042780686
7.9502424846615165
6.1244565923590475
5.6735969025158886
5.011323591923912
4.380815858951031
6.509715700622143
5.446423815144175
5.835453065706528
9.073213562475493
6.112160832826909
4.762545018301156
7.4243909309132015
5.7662780350049525
4.832522145151301
5.673083413905635
6.346349866578101
4.6653820631266285
4.179978352105773
8.731857894980275
4.8867056031973215
6.797653716240294
4.517807576909509
5.60443856314043
4.2384170569520165
6.583266671804995
5.883266330492685
4.578342295205428
6.034403883901061
7.17163342319406
7.3896262243343225
5.608366810774872
5.359218307902021
4.741209145208756
3.3250724952094592
5.281855482607736
9.11147871794975
6.824649942970083
4.0297284935681805
6.974490365258878
7.520205658752434
7.3979267918863
4.59050871400068
3.9461322644817187
5.95810291147052
3.3565736330731974
6.613431125437645
7.161680631070862
5.2718011487673495
5.871250572880543
5.519079258468356
5.612382562817133
4.971377266063599
4.08237646155259
7.333164945432247
5.7012800967271655
5.313893879464632
4.226660929460681
5.360252448352299
4.96191831649944
6.205978051704958
4.32878842543194
5.820390780892009
8.068930017176706
4.9867869709233155
5.9597907577374984
3.826545251096257
5.53760319529313
5.025703662892375
3.917998337897881
5.117833538040097
4.905853580305285
7.127800272989766
5.046598960775273
3.798770222505744
3.958266418020272
5.14427648835012
6.100268206209857
6.688739368939551
5.754755013471783
6.968973322043877
4.244461684587966
7.184122370376164
3.173779088209017
3.928807928948208
4.574130929281199
4.821394341015747
4.3343751144231915
4.563975468987768
4.9077419823457
6.8561063018884
4.393293599058928
4.379040983205784
5.182628676704427
4.3254963428326585
7.17225339135175
5.793101809320308
4.274308882438611
4.80021955328167
5.595348720646328
4.322946028001775
4.280036341880301
8.235531098080767
5.619974102838302
6.602767579514738
8.763021372988291
4.341226072779653
5.6316507247918075
6.1346309876104135
4.891042357520589
3.5416190158280463
6.112204194482979
5.433420881153343
5.059804434665497
4.975929133783673
8.124673636105195
5.4206069772048044
3.934002777584995
8.17566748986416
9.321446007077862
6.240832543524896
7.294470789004683
5.2335203841565985
5.7156578398668865
5.523710275708546
3.799952461260784
5.408745502733274
5.730643324546673
5.818195058712029
4.09412301308561
5.428426459300629
4.887633290516714
4.111978306043465
4.350250459814697
5.762856730208235
4.513822224554618
3.569031982219996
4.987337173286653
4.412950140877213
4.808460486968796
10.433577144890425
5.095670742806809
3.5196460458306054
7.81927113922827
4.50639067810984
7.370721704744679
4.907791802764327
13.929080519259287
4.87123784420725
5.259279912162408
12.3654152955816
3.9934817815670622
5.037068212833183
5.769997717523295
8.150674807991416
6.691347699260053
5.297801348213514
3.693952100585569
4.566000377245731
4.0848076145076195
8.508883928595209
5.2213045809716885
3.7361603858551478
3.4872046538407084
6.032560265162055
6.148471229592336
4.648022426982439
4.596037601827045
3.91074189151055
4.304576156824239
6.739628284638893
4.948189365823577
6.083003279319851
4.737131532742916
4.358485480886101
5.569946634020047
6.3110363755917955
3.9618081077434257
16.189275657890082
6.905997960117599
5.3631404175767905
6.535564078280704
4.841656044784967
5.1409613889200925
6.443008840810795
6.365009688822557
3.29979548446845
9.372877376456236
3.3482347836109776
5.590659123795378
8.747548894861184
5.316695269004818
4.873351801283759
4.863626273483236
5.171533262319731
5.640827244339299
4.020907475572605
9.736321572110944
4.126430555781801
5.998172555260472
3.905464881915796
6.00705382330839
5.222037478482492
12.010456213932205
6.37183353072413
7.765663292388906
5.565231360215532
4.520396345421085
5.7669441956544745
6.130581384669196
6.688620991117284
6.766415134258363
4.773073731358529
6.51885197469942
7.027502413067415
5.220133415448201
3.887098392307946
6.620369521149181
4.377916239683826
3.9765844321918196
3.837696302614766
5.168628807660747
6.537078068423537
6.322385095167138
6.738796067856762
7.13816506277649
4.840146156120659
4.616842884381213
3.7512041568979764
5.740093477161439
5.562321927767146
7.82617009712273
4.702084523173781
4.879381059676785
7.569818932416363
6.507842587206262
8.201411150871316
6.682327420987665
5.20476519230176
6.000704146810965
6.114316702389869
6.170836355675057
5.43699423249465
5.622484634348298
6.588506560823943
5.743917147041201
4.985282783564047
5.0160990333632185
4.451253417990606
4.183701231268513
7.679757463438482
4.334304029568307
3.9799746877997517
4.435460387795418
3.661954117861995
4.846348885101258
4.238339858232877
7.05404950704556
11.313390852830024
4.975267460710673
6.842342532884636
4.071395011361336
7.106795707807162
6.442430719795906
6.978911069783712
6.322272842663302
6.788766988211097
4.7763667077946925
8.735834848460748
4.754745691870597
5.789617146631658
5.3378266555605265
5.635554222012583
5.761619174792447
5.015530384760429
5.587535353759532
5.494491046560877
5.596533064611839
6.94349492697037
3.9450750350008446
4.817679235539977
7.4292783039667745
4.257192426141057
8.49791023058732
4.446355465598716
3.778663924921132
6.411481943863994
6.795647573737903
6.373969541219999
4.398777097255088
5.135163308531721
5.37932434968492
5.868628928399667
5.916750762648647
6.214475146671381
11.324740755416828
4.944292271051861
4.477185279830562
4.1671561346322905
5.502142350788881
7.596633453323887
5.255881315698341
5.560068646363958
5.823288270683014
3.866842239601448
7.931128826955347
6.135874085264342
6.228470895004604
5.125212032105689
6.090037943963498
6.662535146092102
7.208193475282862
4.41388571433182
4.32826650459418
5.929707535532705
3.960929440513448
5.82187869929919
4.187564403456951
6.117461960098221
4.81822696847209
5.3129319610584975
5.204225639637133
5.37121216436151
4.049996240337439
5.245404244837357
5.640236103413239
4.1912883087385575
6.016239838602495
9.109961264456022
4.320825612686952
5.872754595235208
5.440619276340953
6.129409347220722
4.825404313534732
4.5798672599882995
7.387809575210161
6.720786624108796
5.230261633004403
4.945132481326301
5.998784144363357
4.495624282868636
6.5413569901570785
4.995348329472353
4.82188591159248
7.156807281190516
6.101725716627211
4.846462907908687
7.240823040151801
3.7073718570584857
5.488058943674336
3.8419055173875
9.619990871728644
5.360006096910813
4.379363246153894
5.591026609102967
4.0943697675216955
4.86509671024588
3.82889465881265
7.20519211676469
7.174410433886414
3.5912048259303937
4.951710023691978
5.580804327523535
6.497107979555827
8.964732117420843
5.912288984269311
3.82259822421556
6.8258785494483725
8.547001767443252
5.65516851642044
3.7762541960190625
5.104626593661179
4.352479236844411
5.135281727943336
8.459168028698972
5.873790929264017
4.288887283358328
7.098452287293786
5.888447171486522
4.281888298928004
5.8725255898888085
7.4615174230406645
4.705026781129473
7.367722086797979
5.622482109562524
7.667978765675174
4.378468101598752
5.6345908458053655
4.494976014681084
6.24786614335166
4.457463394510286
5.230591156117156
4.983507807031793
5.613739258546444
7.646043623644841
6.661618042128591
8.554288050413673
6.4022155509694185
5.494071408627755
4.986368761301105
5.676723837836224
4.477375148359351
6.731777824665232
7.913977557247941
5.7620580077824775
