8.09424270007659
7.775344369336126
7.549763892921088
7.807496996988777
7.553422827349385
7.986795715420891
7.937152180178924
8.017615462770406
7.854065649012635
8.058151200939744
8.087371596505847
7.926560628651382
8.063151759699924
7.982931358804692
7.962636114329325
7.916308469909003
8.05246073617045
8.413795416102573
7.924922335688527
7.8179199428738535
8.33020270179945
8.037742751779296
8.367758876028448
7.781184676497829
7.938660626016604
8.157462249701926
8.05857758004952
8.033371406483939
7.736230452944202
7.840792218308333
7.829607665266673
8.2227397351243
7.1266688056458865
8.066927056355324
7.957157327211056
8.206736087455752
8.352559872194407
8.390173009173386
7.879226659965237
8.35339772600734
7.876576120909106
7.9409545011981
8.185877021739326
7.978522189793902
7.772531260347153
8.104478689992035
8.486946627373054
7.583589474485066
8.036126104600916
7.90931264473979
8.157246113110778
7.647004942786806
8.208426278774569
8.064248413490496
7.591889931648382
8.322797501653293
7.914038954187872
7.614016555671877
7.688942823613858
7.98747859253439
7.714642812946805
7.889065329004124
8.069392529626409
7.947537807179005
7.882202377643239
7.928179274384319
8.02995891732347
7.733017610673293
8.044567032940929
7.587516601453936
7.947275418994913
7.757103653833453
8.477275641004516
8.015365073289889
7.822877527241801
8.347002739850357
8.02216578032225
7.778272842808841
8.149303527137613
7.988597876524075
7.472872923462938
8.218592122060759
8.203547394609835
7.947745154671226
8.060544457662342
8.287607301913724
8.166120978191294
8.226769426679509
8.477777808753155
7.9952049813601285
7.879218957720708
7.695155249842222
7.892851671252674
7.8338527068935155
7.83651481672296
7.309230709534252
7.706401644942969
7.82760276578525
8.131869265930245
8.089463761541081
8.14330632273734
7.967064870513072
7.818587095452676
8.001762422490225
7.970223057126777
8.424400298487635
7.671622994960304
7.828795534399923
7.709852339614996
7.577537243109832
7.601738652998695
7.702506575720305
7.878252133629157
7.839351346129058
8.45451661593438
7.816962897003535
8.238971035287214
7.914743616348517
7.885421781341594
7.631543783362329
8.13415920501351
8.21580263320753
7.831661927673991
7.999058960319716
7.92555932696672
7.934126368597484
8.792828852516683
8.255026693969013
7.917215086367331
7.799517364443403
8.291186126968055
7.60978667657427
8.290639389663527
7.932457865368865
8.493990266783815
7.46893783388403
7.49516132113178
8.058397390199346
8.087314112157694
8.381613095043196
7.532050796860676
8.071569041543864
8.284958691088688
8.356124709910443
7.618004457036878
8.357137305334524
8.086992157966302
8.103553180853924
7.986855001429894
7.8958923920109205
7.630077763926801
8.077476103163942
7.969408346333547
7.874085418069401
8.329766226867399
7.949466864566714
8.195186276210617
7.933510352366759
8.272705358062174
8.276461263531438
7.763217202110026
8.24944603719379
7.814156115295603
8.129601597728838
8.179820736968516
8.00845954700466
8.18479654116812
7.479897973392566
7.6373329843318185
7.659756070710235
7.887990271218397
8.011063742882694
7.982623908084553
7.965908387643882
7.9917818433459145
8.336918513555906
7.870743818936052
7.933161672560395
8.482681202423722
7.899101706351087
7.852116811398498
8.074151285433068
8.152184482811357
7.620839003047253
8.211044130938403
7.627170424912472
8.547271112272076
8.17263771350157
8.014464127085414
7.772190970784379
8.247136041267927
8.100094099903071
7.843917359198769
8.087242462516693
8.008447038918991
8.148041138412465
8.105462922685344
7.600633631965334
7.9719733971008315
8.388534014269347
7.750273859181539
7.737188880390888
8.363178141081544
7.895136094150434
8.42965842815317
8.190394698262153
7.860115508258063
8.246907087824576
7.645670738744974
7.977530038623973
8.23003506143963
8.80929770342039
8.34231370737231
8.078320279060923
8.004283703881997
7.968742217405578
8.466016137818333
8.152589923273352
8.005841836465084
7.503293828233656
8.107483159670249
7.7031934519225995
8.142165484518488
7.410884056151661
8.285615114276752
8.542214777738776
8.410075741114616
7.684325407622588
7.745068276857864
7.371837561478734
8.04889662099714
8.062654924430943
8.201527656060467
7.549781029384031
7.435738172992315
7.869164501568436
8.12762858145828
8.010990530464095
8.491092475583507
8.19071448386403
8.181979797644084
8.590313671827063
7.898297615332153
8.404099183832098
7.93508199828576
8.236546939716645
8.368804333845192
7.843725294625665
8.127512493841438
8.303500345229105
7.791952055859389
8.250711718118572
8.369579918430034
7.98800879867379
8.21954722824618
7.821167620963702
8.451378756087422
8.103790053510917
8.109348892730699
8.142044524392816
8.105062042046809
8.582591860544326
8.180192199179029
7.805001938845554
7.898810762391914
7.979079372124668
7.694509080477413
7.88176503855524
7.961203419221933
7.884963619584427
7.649768809031678
7.67849990127792
7.831416688250203
7.8903488668163835
7.712114752010555
7.953024617221158
7.98417925508644
7.7880557424685835
7.92822050323964
8.320341481716778
7.617410515059398
7.807369872007575
8.235641629360755
7.969979363780737
7.768379258259813
7.292020730379244
8.382138291173383
7.820059225572011
7.848177342946539
7.8837587157288835
7.784764457508982
7.967711275853932
8.201429414683437
7.7366895961580875
8.117371702074124
8.529050106149924
8.327021854472811
7.8253141633808605
8.166624230646372
8.391812756308681
7.453838000341715
7.817568287880573
8.07818015207594
7.877642182105152
7.655604353170468
8.041570419843305
8.054455478371036
8.09972462077813
7.535672462859987
8.17356824118634
7.843247099220754
8.844533884882376
8.062778574428952
7.9952436313651205
8.223926633574568
7.886270673691091
8.637359005421517
7.720900667250622
8.14442599517084
8.188760763693749
8.71588141042938
8.002232229703937
7.720020154283932
7.896970890748301
7.884428909886691
8.203802781716924
8.22208511604921
8.061653035474079
7.790813077589728
7.910104395898416
7.995485663429643
7.857833775855569
8.5056556691893
8.391813808016044
7.703473818747106
7.940213664365696
8.362050057704831
8.304895870440433
8.200360854613567
8.215543460995796
7.892304378066545
8.472275409541687
7.839850564782492
8.142765036676039
8.214216126939627
7.74931588742928
8.252500368700334
7.961689639529552
7.753722843521501
8.132354630384077
7.6819697813498315
7.562132984246323
7.612914200613549
8.019831607405953
8.083090035418738
7.623445021293708
8.042968582738226
8.02663453174874
7.625240717358567
7.405836326839283
7.94853296964722
7.7255039855591345
7.662421408240231
8.269919003489678
7.999925500611989
8.224971645642754
7.845937883419218
7.964641726453428
8.406639632724362
7.944194680620951
8.325711565888195
8.046398834723023
8.020068002386456
7.516638717744105
8.06665299913261
7.512354849039759
8.185876396202636
7.8570147794018945
8.053666885577233
7.724826393924821
7.9898005288261835
8.520501325822233
8.169294293382542
7.855804099945719
7.60917411551213
8.17596022813981
7.647371184730099
8.161827780974063
7.772613881521193
8.118770648541714
8.25247286204966
7.609141330890252
7.897276826455232
8.552964886461545
7.8382998392745105
7.825416014693546
8.064518113285606
7.912171200592664
7.741167898969315
8.503206632731121
8.111121389279168
7.945001154825074
8.008770247376235
8.004757539223592
8.400316282072765
8.204911097997316
7.718292015499661
8.350112826486917
8.72145382206533
7.496015274202333
8.253135165386468
8.079816183046075
8.18901340719256
8.246755605573398
7.472344705132416
7.764594717811582
7.849443722283013
8.35315619651597
8.104749054423257
7.813598798496736
7.539903133899492
8.102231009928376
7.925509980688223
7.838574134252431
7.69357927627188
7.74004508517146
7.948689982912315
8.40052269817337
8.225385954991493
8.043164293464361
7.912064558837709
7.606117580260164
8.225168034221694
7.876951349133846
8.274281233812236
7.792968139426602
8.2153373821295
7.613487621716001
7.883953216157186
7.802231013915837
7.592634773448633
7.739141989063179
7.8317816206203945
7.433638394517658
8.399066728742826
8.290305068131875
8.27228149721774
8.097247175357294
7.997460570186351
8.763847341489933
8.308602351885188
8.056087986863167
8.072375996042654
8.106653821170685
7.239298540672114
7.883473321385855
8.20494734808531
8.162554620466864
8.188589569099934
8.366431363514744
7.721555421435828
8.025554595274953
8.024809308424139
8.088313484345532
8.28888022073399
8.681388255559932
8.14350492496449
7.631404109791627
8.242324867992888
8.458514580182484
8.321403073752037
8.117684410192066
8.02064404394462
8.048817747039536
7.873635915302285
7.7485994886270495
7.544545361106147
7.808031589389239
7.994498413783714
8.074455773603066
