0.0913702701824515
0.038940458569046474
-0.15350599928327655
0.70224136126604
0.12482556004319284
0.1603809463542082
0.053195555067459224
-0.30717479941519127
0.02570622602980921
0.06617719967297403
0.3449116506790846
-0.1389131678444816
0.23101989255003189
0.007595764290033322
0.9422396031788373
0.5037045240021524
0.4160278530675699
0.2271232395822981
1.2006838882296347
0.19368607399769114
-0.03337416067252123
0.06457294191148895
0.08683089947739261
0.1897151931635926
0.16214441310513694
-0.05597548861190194
0.3260864531612538
0.07925200935166628
0.2722076760774891
0.4318439821677331
0.29913590266824724
0.013932796198878276
0.36244747957474865
0.09333071500103739
0.3601233075953428
-0.08159947275664425
0.18364711582692517
-0.13211787625332339
-0.08924038511059665
0.37196697571060133
0.2192946186602003
0.007948954777066575
-0.019088064199802558
0.2562376893218641
0.20427332029548922
-0.12555440840088528
0.3185132031032445
0.08452317724329599
0.14758122255478456
0.15915809309135723
-0.042611508310595736
0.3078206653778806
-0.1565551170056281
-0.023847118106455328
0.5350043414994711
-0.3659536790736892
0.4436030397602417
-0.13648766351277294
0.4307476163908094
-0.02113560119418147
0.22856615125625887
-0.38163198626553785
0.15734052092315093
-0.05291258695540116
0.6279561704873312
-0.18652431153169158
0.08311714534697509
0.21657853946225358
0.5658439719837446
0.32793531131654424
0.21598749103395662
-0.11350553885631844
0.0011803196671753573
0.48652485109240307
-0.2151965287685606
0.16601438029052096
-0.031186309941398725
-0.07717558018890419
0.049404707466725886
0.017015546086943365
1.0077082038538696
-0.016852667525323235
-0.017117879474049788
0.29531908237267984
-0.027636740887987177
-0.26183638748293553
0.32304604827171424
0.12840260585039584
-0.27957617950042607
0.3350701598435149
0.03702979429827065
0.1860373737770408
-0.21705441250561539
0.17547769335755387
-0.0672078925711585
0.3142910969872899
0.03129970990599136
-0.06588353001139527
0.04291043278761973
0.2613461620178119
-0.01559127621185219
0.1775343087801734
0.3152675034374297
-0.14353808505047222
0.1397869647005967
0.21143288790830758
0.2515459461150673
0.1424140676588794
-0.19468180327645895
-0.03785295897628712
0.2091088852998446
-0.027982126137712317
0.2967966275928387
0.06034071856752163
-0.12926171071337272
0.6108055400515464
-0.20487776360802504
0.057422452078485973
0.4531203799534062
0.28576179670557017
-0.1679063879718732
0.016193639565831378
0.37824530715239035
0.029537980237501902
0.37454389354255085
0.007685042067476534
0.06490226445841539
0.1588854661003602
0.1785278998265816
-0.03630961193595406
0.5184173071501577
-0.31218325526689483
0.39689941997234895
-0.08192085026181908
0.2695375696367738
-0.11169532892432035
0.23790037438509237
0.09572740993570941
0.04154143324579743
0.14909668992959857
-0.018394993383074147
0.13250680183514604
0.1468798650705819
0.3533827562660344
-0.13694094119271483
0.5793163454372868
0.035351992083227854
0.10879290126669432
0.09931300403016192
0.05969885986807242
0.29159514771576295
0.03454692987016379
-0.061260133901223486
0.3515351508910112
-0.2297060615662385
0.2589995850557076
0.11724841797819982
0.07934652207633561
0.16614623181637783
0.15391469854101938
0.3570355358644247
-0.31749396427270843
0.5532291983690407
0.14538210558782555
-0.06314736582840257
0.28739246532354584
-0.06291930637967122
0.13557267494839087
-0.10722550176315736
0.2657032735162222
0.07799425811316658
0.17490305632393802
-0.33895944225014574
0.37497103387135444
0.24876228004238837
-0.24876107338064746
0.1602597758213322
0.35364969849163946
-0.2862399455371964
0.32784508568977133
-0.17345934235844918
0.42944148117342235
0.13001505817058376
-0.23133158263496467
0.199192604500746
-0.07530143616652038
0.4343637731857053
-0.38019839988624105
0.20113802577414205
0.02345122481688456
0.3419675586098721
-0.07818069205121286
-0.09889487448378977
0.20012275405746272
-0.03267799976214261
0.21240708751544063
0.059899274990705784
0.04489805579548598
-0.24445904808829372
0.3937671333504959
-0.08644186222845351
-0.12202884807563154
0.17752445600320776
0.407575804799746
0.11646895113976204
-0.04866010652718997
0.21132013231852917
-0.08205301960773649
0.44549602277181377
0.13715086340810712
-0.12185590020808296
0.18397697761068132
-0.23461825146218263
0.40488737833306665
0.026223477478606386
0.11861276792391183
0.03230567889987757
-0.1255134131870743
0.3753644695061814
0.13518158059303792
0.3100879289314143
0.3907430967179875
-0.1830276922670543
0.7902740303140136
0.2627151454716798
-0.013319767860328612
-0.11332220821812485
0.3217982492232858
0.3176603504104845
-0.03154903465340406
-0.25319631097391926
0.3671093088892434
-0.3130201945120389
0.20941112489293282
0.02434652282789477
0.12947202378379744
0.10313712340678326
0.25525678113139344
0.1819054599083204
0.1605428547562934
-0.01325808384658116
0.19888237241732587
0.06018162722180057
0.02315915076173613
0.12110809225522616
0.29788857800534896
-0.10062584071033437
-0.1731607695668355
0.22635860149859668
0.2120406623030118
-0.24377783017164492
0.7090211460532203
0.19423037538727034
-0.14875373306898584
0.01502151980012877
0.13944623772417125
0.1286275683463082
0.29323119735579983
0.0867619989336764
-0.13059753226578602
-0.13889603825009103
0.24744940439687046
0.30649268108816136
0.08476494246526421
-0.35590078669186465
0.2933196297307594
-0.20691065840734163
0.3165723441023265
0.0876872651988005
0.1712283407611461
0.13128050945665215
0.1940094094541948
-0.07462752421128073
0.307412761884584
0.2823338623406598
-0.0780214495520322
-0.081778367776264
0.2430438019507524
0.0023935422431786376
0.05828885675480873
0.4336498983958303
-0.3585254410882754
0.2669249587510193
-0.043535348364093465
0.3514885105681693
0.030206113482287283
-0.009141083657232296
0.09401797134885063
0.04012469116314837
-0.1889391683522317
0.2374314703605748
0.2020683738033645
-0.09952636885084112
0.011358466750093842
-0.05790925189261283
0.3656073658502262
-0.08241855769183443
0.032685981024732406
-0.2907902786147427
0.517307568198172
0.3446753208284219
0.36371225346642416
-0.318363924891215
0.572573200582404
0.43615275809194365
-0.06623511017406958
0.3533436296107855
0.06322284347713537
0.20568606344518772
0.03480853829824318
0.06604490331115805
-0.055373672185192284
0.2445321857500534
-0.2482668056187309
0.3590876690028307
-0.03735237295174188
0.5995411772040237
-0.18875321657686953
-0.19030698882744085
0.19004061954542756
0.32183526643871324
0.3762280730362119
1.0303653443584941
0.022746897503632225
-0.19006046255873557
-0.012470686991763374
0.4508676355790081
-0.30577198314273357
0.34882229467178816
-0.192131584488691
-0.14203377370819972
0.4890876297119563
-0.3356808794915919
0.2495988006799335
0.29377580452957824
-0.10210420803156012
0.36647762187574046
0.2453481742588496
0.01152076071589074
-0.05527967829842473
0.2002755184637867
0.7377790964127324
0.306691766588237
-0.04406821904934782
0.015338013698758252
0.771045311440098
-0.17414740296993558
0.03167196641540988
0.11697846981497628
0.265174758170926
0.3547924930162013
0.46048574620911165
0.5626186013629046
0.7673890918501167
0.27935285767740836
0.08424660476036966
-0.012511334445139726
0.21089529329727247
-0.02918000068256681
1.059023255067692
-0.041806112675037775
0.07333220051568091
0.42871029234492714
0.04123435484909866
0.8013851576698229
0.011968109867379617
0.29829496773929354
0.10658312024259084
0.20308196275008836
0.14046079880960938
0.15734933499580447
0.2650759714461314
-0.09699705601634369
0.09678746830367525
-0.16388015246572304
0.37287636256476386
-0.1808644716217968
-0.014097576110180568
0.6913106969914289
-0.15586391328607685
0.17363168365865944
-0.016371488749445204
0.4759839616583317
0.1057880684245595
0.14819993433639841
-0.10731584067618606
-0.072765449797242
-0.13079289082595466
0.2702958658290427
0.30900937143878743
0.4551895343154601
0.1658501468927981
0.07314806270844806
0.06862520775933445
0.413352925875423
-0.05303174736401879
0.4526172429849096
0.10928107297227153
0.1273181897489964
0.02666954140464023
-0.056517892411298856
0.13202906205369205
-0.21083404120780094
0.0913315848577303
0.10079643621076573
0.152037255460583
0.20045159448220826
0.4710536994825422
0.6353604098479887
0.23456030220849655
-0.023616417968020765
-0.34563751938169096
0.2370166960954573
0.25822216884898036
-0.1497660609063396
-0.2618737452794581
0.43975821241800045
0.9161649999730858
-0.1902097268493145
0.362722267661801
-0.09365397810972403
0.16142441246732792
-0.029967246576639118
0.03952944975009562
0.8400739724701342
-0.2873402518819331
0.016189495762296207
0.3316252793018445
0.3476349195434746
-0.1894517745578626
0.01170234148845286
0.5035512198464753
-0.23285495329885536
-0.013276930800515164
0.15044125086029467
0.034041131823759826
0.06174416107562131
0.12035338107024227
0.05221184872781608
-0.183160768128149
0.2651540880859244
-0.31745519749201867
0.22815219917325089
-0.012196002155807892
0.3518556429419403
0.028595554425014387
-0.043322359649965385
-0.24900818311766498
0.34094435132479506
0.7803258921044325
0.0011871507428337933
-0.17426616032484177
0.2411414901861338
0.3837455962179251
0.28591457607789544
0.016461914894893626
0.22717801310188546
0.2500800625015932
0.34498374217812516
0.06320474879941591
-0.1403417332122828
-0.050661626408806386
0.988684126062233
0.3189523642532827
0.05013753117304602
0.11210621823772011
0.399569753340263
-0.11011041584486139
0.42694906137053107
-0.0416297784318996
0.03463254301479946
0.5842540912597599
0.18973085358207015
0.29981531431012787
-0.025910988098804093
0.03360898578771068
0.0875285918196064
-0.047021708873782826
-0.18299114048510792
0.7823196550456987
