0.5732459872737788
0.5446788363569561
0.5727633565974584
0.5957431437326625
0.5583275884226995
0.5145245224067845
0.5368570160701065
0.5596355656845491
0.5427289630345092
0.6319783136202778
0.6122795875223748
0.572434365850825
0.603930676088439
0.5517816927487537
0.630473879622307
0.5874344974366228
0.5965890705385
0.6229375336409066
0.5473537686921216
0.5956949660498699
0.6359009952857606
0.5737296489977303
0.5874958662835196
0.6047632389487956
0.566045474675038
0.5827075161565534
0.5755170160119372
0.5742052643630365
0.641727897869488
0.578408387812663
0.583060992201005
0.5800630289839148
0.59143571418865
0.5750793144617643
0.49720247100006043
0.5711795251942865
0.6126339278430099
0.5185315901702466
0.5741971186395316
0.5722345570631668
0.5700668981611406
0.5576228505567312
0.5452536152006484
0.6400138471608785
0.5874953138810223
0.5372455461226057
0.5961077492842597
0.5243762592376767
0.5741828985493046
0.5738949706839135
0.6227216112224332
0.5994816463513704
0.5909891644191749
0.5334606408767161
0.5731094095071755
0.5304392627312982
0.5615005414523515
0.57053838436298
0.664237859703827
0.5614051941689041
0.5840265508595109
0.5451306219096234
0.5675928448156036
0.6285847250735789
0.5144000967483415
0.5560864815811637
0.5619386837476399
0.5693017259314375
0.5717416717506932
0.5683070318923238
0.5430168248189334
0.5636350500207405
0.5243832956370003
0.5570808116046984
0.558738069664139
0.5654403277554254
0.5918313782072874
0.5692849956790698
0.5918423509302557
0.6258753678429801
0.5938661985972042
0.5133164857086692
0.6001481359214129
0.6035583957705482
0.5524079964468304
0.5478398295107911
0.5601290257540851
0.53719514242587
0.5973983830102728
0.5463030229746435
0.5584053915512642
0.48614822388378853
0.5889586022254535
0.6218088770614003
0.5743535732544364
0.5985923603738034
0.6192389800338828
0.5661659180759585
0.6281229878323287
0.6359921246720125
0.6140284265377276
0.5573323647884076
0.639633870753742
0.5355273472845323
0.6258364431884256
0.5572215550875206
0.5713257400242082
0.5883555728406037
0.5773282314210142
0.5503453465403995
0.5558764407004776
0.5344474692664908
0.5486034229192202
0.5880805906722768
0.5407981494908709
0.6250838776269264
0.634386207556605
0.5927072578568846
0.6377265466876382
0.5788580063906776
0.5769146443996942
0.5874809050528129
0.6045200416262958
0.6117652456496994
0.563028699602953
0.6318085734603021
0.5889520781063116
0.5574124596288723
0.6157154987253418
0.6513608565597052
0.5975680361184494
0.6051887127787736
0.5623547625379222
0.5525733911219375
0.5914735511536648
0.5749296704909073
0.5966934960824687
0.5706029628498457
0.5870784522649437
0.6053396579075578
0.5968467845594497
0.5469720693288534
0.5635907865733081
0.6132706763779412
0.582582820911544
0.6418190147532472
0.5696450642002476
0.6045022505309526
0.5759780111061094
0.5833567299715875
0.5744126572401939
0.5536086378445603
0.6290411540864055
0.5373784683492893
0.5500552783966927
0.6134236633336113
0.5598741549321793
0.579200771553863
0.581955845119773
0.564419213757931
0.5793507230125368
0.5445815941579731
0.606590576322013
0.5494094657937854
0.5810766544049722
0.5612392973343232
0.5817505797244102
0.5696520430981059
0.6258709071526701
0.6117592349745129
0.5723115325790469
0.6118521273631
0.5456262309664258
0.5675876458627818
0.5526723321671415
0.6265502154406634
0.5689779453789693
0.5544289326248337
0.5702693740793014
0.5852769115941421
0.5573969485137916
0.5669877636776793
0.5744352353553551
0.596322877042458
0.6183906518813984
0.5990704696534067
0.5484983684992287
0.6036238607489292
0.5617349715943015
0.5619597059983301
0.598585314551787
0.5634745788118147
0.57779175833257
0.5481469044658012
0.5489843704158861
0.5592372924526657
0.5921702162529673
0.5413257138213406
0.6237025786354703
0.5591513309972234
0.5869913156373411
0.5459022490525263
0.5714455839988943
0.58143818653599
0.5278842146587137
0.598548302693575
0.5550719047728823
0.6173325002654557
0.6297179563425346
0.606017826075669
0.601648162457172
0.5337072340649219
0.5758712986278112
0.5971778839159246
0.5955099485721944
0.6285183992434225
0.597404514560269
0.5919441513507634
0.5581916162294095
0.6097640642935135
0.5747805885902948
0.5666822699695844
0.5491279504314697
0.5930297357153449
0.5742226178200107
0.5379128890838201
0.5808043792094781
0.5421474233492574
0.5690912810473738
0.5988465133089982
0.6115345259368462
0.5984354276805917
0.591207569675198
0.588535527238632
0.5317439279388118
0.571603604915431
0.6328627005849818
0.6114053733727838
0.6013317280107685
0.6155704204961633
0.5324387387547569
0.5529217380716844
0.5383913840770894
0.5627744194914486
0.653580303298184
0.5884681800642442
0.5943771035757524
0.5629677638340926
0.6026924674822445
0.6056086216978488
0.5690224170766066
0.5847801527624111
0.5653300088658944
0.57184000667767
0.5191320279171615
0.6191297771448927
0.5698195520035211
0.5750457108501754
0.5859039705247352
0.5988913117621204
0.6719853506185753
0.6134383157833094
0.5738175016828169
0.5788712027321817
0.5406619885462761
0.5519469621445242
0.6164106558387699
0.5782493009737648
0.5354303906491508
0.5889904952718618
0.6387665221785515
0.568060430069284
0.5527161644061859
0.5702968852818063
0.59562290081411
0.5491674975056894
0.5416684370279503
0.6261413970488628
0.5999286757118667
0.5665421756285798
0.6289539919183718
0.568436765299359
0.5656256959831847
0.5858897573236451
0.6106473183687581
0.5688248186741126
0.5679098592613148
0.5303240152628027
0.6136743355495474
0.6114707687055775
0.5706746448141854
0.5463408366163217
0.5642720609122873
0.6033803570451004
0.5548281634049067
0.564253027358722
0.5797082928029949
0.6147025483011945
0.5552423984322961
0.6008702836392182
0.6107059276993446
0.520277439778349
0.6299463008893577
0.636118354480834
0.5657278700960081
0.6268036472388796
0.5575825042040347
0.5787156273924227
0.5495302832270366
0.5696995618477488
0.5717432444221315
0.5903926608781922
0.5653324386423244
0.5096893555182065
0.53207621608105
0.5971668299401441
0.5569875366536156
0.6027617714422963
0.5477436751605255
0.6115037609229428
0.5949616165045399
0.5666446011688258
0.6194026384811365
0.5795312437642522
0.5374297781997993
0.554362582602093
0.5854328069022869
0.585582805537036
0.5778599236876303
0.5504552185433885
0.5487802453426959
0.5692359130173983
0.5889197589891688
0.5642701145265737
0.6100661548743993
0.5721679239541548
0.6285765140479305
0.5666250127353923
0.6290320708536541
0.5925558857650757
0.5839479803448069
0.5558072930941349
0.6230481346082223
0.5783972703611682
0.5983737346626742
0.6291496202771927
0.5399107119992124
0.6346369517366999
0.5898298752373461
0.6221151063417261
0.5675169781464957
0.6068697287821938
0.6469670487754143
0.5655911965011298
0.6364649857379497
0.5800156387280306
0.6516661195336784
0.5850525183135765
0.5797583744231811
0.6224659179034064
0.565844494339216
0.5632137558106283
0.6064041255212489
0.599433154581252
0.6365061676912613
0.5396195174824032
0.6077008467526146
0.5538843484429955
0.5818217361153054
0.6042976425263781
0.503704582062344
0.548665284683837
0.5754533885457488
0.5393225494168387
0.6030088714848605
0.6000682624253131
0.5849088659109919
0.5590137057572666
0.6733648645068584
0.5725252242194091
0.5630649502489874
0.5576198112288314
0.6525345325336185
0.5584885384219189
0.5878615788281837
0.5863877295331733
0.6044860971714784
0.5928840695527929
0.5685433774430054
0.5671578357946176
0.6226163646408751
0.5706578524180135
0.640657424518526
0.5772201502593423
0.5604208524920882
0.6433620474195073
0.5980196103436556
0.6148120323250346
0.5549161390208899
0.5171797305673217
0.5769840950769879
0.50666292158723
0.6127772025687294
0.5890903922971159
0.5264267963724816
0.5919917860938066
0.5458707846206031
0.6001971494460288
0.5696630829933709
0.5491828732252502
0.5597472187888148
0.537318291992428
0.5740895937007993
0.5668853097863232
0.5835584135279299
0.5669242912010564
0.5854305684711852
0.5664898340877633
0.6021689410113118
0.5326386612019657
0.6188932971149453
0.556133302659464
0.5259026045812343
0.524485314272381
0.6138909909400249
0.5714801055520368
0.6157555901732474
0.5703267947764317
0.5708068108700706
0.5570878071162849
0.5514971884544572
0.5793520038288743
0.624419668515527
0.5652112148851139
0.5621981863182938
0.6041893323978527
0.5934790748201972
0.5733983476224962
0.5343279434162291
0.5799385379693373
0.5593276171333034
0.5939199300813243
0.5836482799493112
0.5237899822257527
0.5375472832225263
0.5519171321179115
0.5646686515273375
0.5659708310368045
0.5962683434606647
0.6108255662829519
0.6061980286650801
0.5429158383547741
0.5675474147266405
0.5852144962244283
0.6025985798323544
0.5958940541976937
0.5590009782260392
0.6015064186653025
0.547884130812782
0.5564653303077197
0.6040833643823975
0.5916579879889762
0.6059104077274887
0.5819200724503941
0.593616855027519
0.6053180182271294
0.552762398855186
0.5953029078567106
0.6100515285883584
0.5187374756160132
0.5935102348913099
0.5975637586356086
0.6382230634857138
0.5831255499277909
0.5807788040762647
0.5980276349627918
0.5467226421033549
0.6234332062404244
0.5554044360506016
0.572707057679186
