0.6541597455190302
0.6466891843320042
0.6826235295859397
0.6746726940245785
0.6915146343224047
0.6862320374026143
0.6946576797747426
0.7142204626556935
0.7038278878883466
0.6749659809866209
0.6635835480809026
0.7348442351867764
0.6776735830194783
0.6505256778317724
0.6216762353881207
0.6450853595238764
0.7043722812494891
0.7400357347971829
0.6909700262414302
0.7125270272330753
0.6944115685182993
0.6543645353511943
0.6803032774822975
0.6351729536020442
0.6610427467094052
0.6835249078578919
0.6448658612364602
0.6672004888448269
0.6524232275528662
0.7079782778897943
0.7303330597031361
0.7278193811730694
0.7240565819860343
0.6981711256448179
0.7164291059315107
0.6492865610651984
0.6912613615558293
0.6781751839097946
0.7755344944579908
0.7099078509297367
0.6564670624877134
0.6875027910094645
0.673184316454908
0.6912925163251727
0.6525393788333615
0.6693029466274888
0.7241443754516818
0.646036528604219
0.6425945955278032
0.6737406829282061
0.6425020776908645
0.6766180561201142
0.6653382794222115
0.6403773852229009
0.6904889928439353
0.7138425303427692
0.7278855349789098
0.6738555353911503
0.712193693987468
0.6866090042684688
0.7357616984398379
0.6332090804311918
0.6801951211545095
0.7371410295003626
0.6770875179045046
0.663408456797907
0.62938966249275
0.7218486220167178
0.7300680189062669
0.7369709054805742
0.690860145685235
0.6914037737927429
0.672648789359935
0.7101358671808428
0.6956313902561565
0.6800486735649515
0.7263109528266661
0.700651137233814
0.6933852608927562
0.6597047960561633
0.6419513209669454
0.670506963368247
0.7386680931404728
0.6628572406054514
0.7251247764070556
0.6941892870428407
0.6547102557679149
0.6997109609588438
0.7114621245739244
0.6597078149623606
0.6958430234377917
0.6908878297966802
0.6430948414330185
0.6419982777490344
0.744883526004856
0.6952764855554275
0.7013590171648368
0.6723495912383738
0.7151886029661784
0.6631133259701961
0.6708090453582982
0.6872229758672073
0.6703490873435861
0.703069866258094
0.6913558144430973
0.7243059903778689
0.679004388851561
0.7016070321737964
0.6511797910643079
0.6158162197351772
0.7169821077868908
0.6524259416734265
0.7116309998464492
0.6719876567341304
0.736142644961852
0.7547499044671011
0.6994636637206496
0.6425835069582645
0.6690682617935845
0.6766714913680316
0.6230500188466216
0.7089382289951345
0.7366264725285043
0.708797457319462
0.7027444353654634
0.6609318370356203
0.6338953988133508
0.6739964126056636
0.6292121336010335
0.7209588695778708
0.6901945963951392
0.6664192974680324
0.6253591858299323
0.6854505724678446
0.721148053127155
0.7034738300313429
0.6354310974596107
0.708377178660457
0.703082271074533
0.7086080422442735
0.711849376055727
0.6578941259535773
0.7144563717029573
0.6790654304594606
0.6433648529024434
0.6980150722463963
0.6909225839638469
0.717572762167476
0.6687689664096188
0.6294482148312973
0.6527907903668
0.6715553891605837
0.7390228985672692
0.6991255422549401
0.6760434751363875
0.6770026683081098
0.6511101625164728
0.7052255078667796
0.5936925981256359
0.6249655207032364
0.6690241672096179
0.6855158407819688
0.6725320863973859
0.6609336734071166
0.6822440589190143
0.749267555504017
0.6860696102520154
0.6775233076340399
0.6796138757897621
0.6366330149533392
0.7162523233261006
0.7197595741187826
0.6739952126628536
0.6951493055596503
0.69686264755979
0.6538548119338851
0.6459661633150371
0.7032740844441034
0.6615430531648488
0.7282051921222151
0.7420436566969286
0.6865619444976246
0.7031598132383662
0.7533481103040499
0.7014268989238746
0.6653787627194212
0.6811266774517036
0.7263004473299288
0.6652571875118569
0.6907533155819647
0.7388454887491417
0.6722176586377635
0.6233204716658798
0.7433339104941392
0.7093562335081568
0.6901059051925292
0.7712986714359532
0.6993021989688302
0.6990619194097625
0.7189731118973732
0.6175433796217423
0.6700105742589509
0.6779324315820588
0.685627438253568
0.6717369339961812
0.6809810708167792
0.6395269586261157
0.6176868946276348
0.6808026920061993
0.678638315347811
0.6698894748016959
0.6608858847274394
0.6662836554983114
0.669706505631367
0.6737701709077808
0.6550356876432935
0.6745927413144023
0.6377721152719877
0.6773084487430342
0.6395288583332465
0.7140390785352851
0.6652831842979762
0.7872433887659483
0.667187920279271
0.6883455815743662
0.7346340069312999
0.6685434896710499
0.6907518886643496
0.7323848391963903
0.7272885020422409
0.6741427677044488
0.6587522253968284
0.6594029475693628
0.697468422837352
0.6527096194569112
0.6912619342791779
0.6352345830104565
0.5982883748395232
0.6345024944637843
0.6623858207395757
0.6929033893370534
0.6661974591080558
0.6173176678990546
0.6481721725693396
0.6397923769989566
0.7095349088977736
0.673100699659455
0.699576023985926
0.6824067388808466
0.6633129874080997
0.697455070749291
0.6913592664552946
0.660856459373139
0.7539529177015583
0.7064060232733054
0.6817571035054302
0.738083037910559
0.6890810648598765
0.6881819884096513
0.6677769683440992
0.7072709036162541
0.6281775737339019
0.7791395225365252
0.6424677213873347
0.6754423601521754
0.7435700469857719
0.7290976494937204
0.6690254081918963
0.6642245510084163
0.694748665837968
0.6471260599909997
0.6999944560310108
0.7843808789263176
0.6202637082701106
0.6699550158268386
0.6536094560802908
0.6798422499155435
0.719122159822306
0.730725940796699
0.7585161652287026
0.7295051774520255
0.6770643521747546
0.6608956221755931
0.7633565585240318
0.6852071676089373
0.710294358527221
0.7194388467440442
0.6543475488735474
0.7107538644472966
0.7102116257195714
0.6397501904063123
0.6092539621208471
0.6581997068877644
0.6474240713379134
0.6760905806499037
0.6620208838640803
0.6447418456099402
0.7564538263959479
0.7229788557199066
0.6595067153314185
0.7018459512692222
0.6311069763422646
0.6891114886347626
0.6087921763526908
0.7110084571443774
0.6441123583367355
0.750500016593387
0.6879015746749528
0.6898301483919795
0.676098700203492
0.752864817446362
0.7521040220121812
0.6984613784744808
0.6827835942472724
0.6673277423232777
0.7020216668546947
0.6464855298287974
0.6895903536025961
0.7229750261712754
0.7079959866097509
0.7460686840835625
0.6706341197786103
0.693819195004332
0.634619693580501
0.6617779460117869
0.7034753390586204
0.6553974842369511
0.6554484774753355
0.6555464534474164
0.6379033247689756
0.6711680810849235
0.6318961617600994
0.7516052660948932
0.7228045335787135
0.6656455829408506
0.6972371941418761
0.6535194208413687
0.7442676958109242
0.7357348291465373
0.7283799246882827
0.7492134795849805
0.7364364356100905
0.6830061932423144
0.7421971004690638
0.6505107580807798
0.6650057561172245
0.6947362833956688
0.6605590638961192
0.7260442556267567
0.6257891549309907
0.6809360386758547
0.6341848908500948
0.7092472992239877
0.7128928955670029
0.6710808028221678
0.6607449686811093
0.7723080007368197
0.6324819888868033
0.7420531647315194
0.6912165829233374
0.6474661057901385
0.666408264274148
0.6981419560760639
0.6888813368325191
0.6727300487641452
0.6638542957358367
0.6635537160707693
0.679455331206357
0.6511584908584626
0.7286392957148208
0.731190182693724
0.6473430503411747
0.635059068521379
0.641830348454816
0.6908293912840621
0.7471498987092208
0.6505605952699839
0.717198763962507
0.6858752701852314
0.6546538301894824
0.7183344731792926
0.7315104526682352
0.6935154998434807
0.7033015025401639
0.6443532351071987
0.7127127093393745
0.7123480558449665
0.6447457023923479
0.6471331527713304
0.6931171947871838
0.6509087248111453
0.6973751812151292
0.6436510470154233
0.7102035485258604
0.6720041191175761
0.733926725543071
0.7078633679900525
0.6515786516605444
0.6571450598640061
0.698966245205633
0.6923713058035135
0.6755900643036137
0.7049395741851351
0.7708847116634864
0.6612361698978836
0.6765021255442992
0.6873917105300433
0.7145689172886308
0.6766545060641349
0.6614645768753118
0.7291043476785882
0.7252430745026501
0.6852689314377974
0.7197484040702465
0.6770340831866924
0.6895440201561062
0.7242227818264085
0.6468557491701544
0.659556821879157
0.745486208689802
0.7016374356463869
0.6721316974454383
0.7297497035443365
0.6447599975953813
0.6514849470010073
0.6660832552205579
0.7326200382450833
0.7145812189399823
0.6859509613211435
0.7200015452987267
0.6275739473049795
0.7012391528226937
0.6361844463513513
0.7106536775966975
0.7430857323085329
0.6028890012074135
0.6630126176711161
0.6798361428296289
0.6715224069848089
0.7390933935999652
0.6513914359932915
0.6070036535954134
0.7006598993321819
0.7537609520741273
0.6903065322680311
0.6487551237490945
0.7216669364250258
0.6484322981249354
0.6720436214628532
0.7019199093729179
0.6655715931231938
0.6731519629835571
0.6986305231781452
0.6956509987021458
0.6433633836982937
0.7055981578995428
0.6869874514453649
0.7096539503160999
0.7047100518769064
0.6389740219301898
0.7059142830667597
0.6705788815653043
0.6631433329774169
0.664686536918714
0.6692414452611372
0.6919546545621562
0.6859327255576079
0.6845391649281323
0.6830291389239553
0.6756994233855679
0.6681623645417107
0.7322068074671935
0.7138408285574728
0.667212054983512
0.6890433694889652
0.6710796778869942
0.6776347719386636
0.7134193430070178
0.7307946287128231
0.7038224008342638
