0.9997565674418807
0.9999324055921816
0.9998298487654081
0.9998473535940899
0.998975263261591
1.0029381573657026
0.9976746654023351
1.0025556258864496
0.9975176949334625
1.0008680043017015
1.0027422000702708
0.999552336226326
0.9962048202968762
1.0000740798321266
1.003346274064917
0.997427309722596
1.0003314414231799
0.9995555664022594
0.9997417669369427
0.9998934775239453
0.9997203653355596
1.0006568279798849
1.0016964956813783
0.9985199455008502
0.9992212167918909
1.0020196198436946
0.9993733393111808
0.9986067720334918
1.0001349400805517
1.0002110841053742
1.0006771631386533
0.9987882158844124
0.9999373315012378
1.0006748061377284
0.9995447416996006
1.0001431120921416
0.9998912617039988
1.0005447204167153
1.0002378947209283
0.9989328956716247
1.0001392549961048
1.0052563680328446
0.9951986356109292
1.0013214451598649
0.9983389202239523
1.0011195253529193
1.0006818487073728
0.9989106982984713
1.0022644431275147
0.9971443427003088
1.00221934701441
0.9977099743887455
1.0017530468887708
1.0005085215844693
0.9974023704787744
0.9997237467082802
1.0002510380876533
1.0015642249507377
0.9983105074121861
1.0008070088159533
0.9991293307989401
1.0015244425939853
0.9997764283980635
1.0020187756276444
0.9976631020171054
1.0051461740255558
0.9964188614361393
0.9975013607866051
1.0004761944558511
1.0000227285303755
1.000574725336146
0.9997057512641765
1.0002415639043445
1.0003626273844302
0.9991155044376063
0.9994424240445625
1.0025156149166912
1.0001755721862016
0.9984056753757637
0.9992533648329863
0.999834385821424
1.002112058234819
0.9976940581380838
1.001197698730976
0.9988792751433713
1.0029783075075749
0.997725608051328
1.0017096401446783
1.000324334567711
0.9975362583160446
1.0030305403589734
0.997497038775411
0.9996198580462636
1.0030884673939855
0.9982850262848819
0.9994412644281998
0.9987217063151427
1.0017600254897183
0.9985039634830096
1.000168492476638
1.0002050452946427
1.002030371131449
1.0004602178210331
0.9968482167107043
1.0006784418846502
0.9996438418182808
1.0004442036014365
0.9993153442040172
1.0001695327586388
1.0029806441527378
0.9990328420015377
0.998100917836424
1.0012205259504063
0.9992832990662729
1.0005218168199461
0.9989455790068779
0.9998262104098026
1.0026666517943503
0.9974269599240156
0.999860090577834
1.0001875089836005
0.9996696453049876
1.0018608571250736
0.9986822211749968
1.0004911449044493
1.0005199300742948
0.9986606104023805
1.0000609744367521
1.0001546529318928
1.0001007641182742
1.0021140319735178
0.9984001600449532
0.9997950972631244
1.000741097056775
0.9991485424577503
0.9997262233554294
0.9998881491139127
1.0002745292724564
1.0020615285447145
1.0000786096764271
1.001016132813034
0.9991803464527006
0.9979699103294167
0.9998800158127343
1.0047940416671204
0.9961720980185973
0.9989964807528612
1.0009957463938108
0.9998706977555
0.9989736034137008
1.0001542902494829
1.000588550512393
0.9993548601687523
1.00187940481812
0.998866254293379
0.9997010605163954
1.0064098160201929
0.9938124175355313
0.9992747670295041
1.001446489293115
0.9988547601588718
1.0017261439830276
0.9991820480708257
0.9995276851440685
1.0009784049770472
0.9989985812952019
0.9999297657914615
1.0003049732735
0.9993565723171352
1.000423901020193
0.9992779202932908
1.0008141832133537
1.0002743743926032
1.0007688576975466
0.9979749705909261
1.002503773629105
1.0039837991946943
0.9964791926776471
0.9983417094218612
0.999159194196872
1.0013305183158252
1.0000500543175201
0.9999033906269895
1.0051039995902176
0.9939798276649631
0.9998035260974991
1.000280327413684
1.0000735283553925
0.9996547609178708
1.0006540291320325
0.9992147980777234
1.0005843931401444
1.0002197417757661
1.000743813036004
0.999620290561588
0.9993052918924824
1.0007364031065948
1.0010238093104604
0.9985189062595419
1.0014176971124582
0.9977373029828719
1.001726316160303
1.0019681763654624
0.9979733384546331
0.9985575553759651
1.0018797084377222
0.9991107494752897
0.9994841146734288
1.0019631150744255
0.9975550843582455
1.002746712069626
0.9983950649568856
0.9991459590336647
1.002207184633282
0.999095867090787
1.0006288080946633
1.0037179843278263
0.9942341193605472
1.000735929058076
0.9990847899806563
1.0028830151329182
0.9969081888123399
1.00142777211364
0.999721863162062
0.99958172623538
0.999614958351764
1.0011079498747242
0.9983868458858869
1.0001315640334199
1.0008011907540744
0.9996048474265297
1.0010211406651133
0.9994290411546803
1.0010719854550967
0.9987537272279262
1.0037713236211832
0.997464356902689
0.9989073277978463
1.0082725631393432
0.9920543193388525
0.9989520501403651
1.0014151606610942
0.9985180087690756
1.0001497845147829
1.0010872919104656
0.9999050367944772
0.9989370243097043
1.0029307368389395
0.9971388788629486
0.9999709694611298
0.9999776178286939
1.0010838067758339
0.999074406114461
1.0019030789300565
0.9987163093789292
1.003692567143047
0.9958821257024265
1.0018419151558842
1.001769294273688
0.9963835700300979
1.0011910876810262
0.9990911188526376
1.000353246377835
1.0024927718022474
0.9970930753356446
1.000012477613537
0.9999309158537715
1.0016598041648044
0.9997654491647866
1.0021917920175194
0.9975657295744
0.9986802562819871
1.0011510950630138
0.9995006255032105
0.9994777425355175
1.001693378356959
0.9990014671859733
0.9991260590635169
1.0006495827965622
1.0021499050922598
0.9969539547282837
1.0006610728672196
0.9998293113341761
1.0014462137239388
0.998219024621964
1.0017130951849997
0.9991743281038007
1.0008119686550538
0.9989538758828357
0.9999646167582457
0.9996721582963666
1.001614435746045
0.9981265534892398
1.0006048430257288
1.0002252471425894
1.0004191957115196
0.9992001457822952
0.9996681260801021
1.0011796871126355
1.00075364111852
0.9985460796313215
1.0004541940144354
0.99984698994409
1.0011705480183424
1.000338734718351
0.9978629049797222
0.9999699890121841
1.0007690844703634
1.0005386715269877
0.9997202259906769
0.9995398311504846
1.0008385699813476
0.9988717631776938
1.0021200819161815
0.998160461347207
1.000084981844502
1.00210783111266
0.9966745979422298
1.0012004365068927
0.9988068947205226
1.0005762463040209
0.999874450098925
1.003745632538208
0.9990698374482868
0.9974859634181971
0.9993871304851567
1.000483856543491
0.9999194463958593
0.9999122075167141
1.0012191788578364
0.9991294136684686
1.0017318076459625
0.9989956824748789
0.9988615391165386
0.9998859640946498
1.0002498933346626
0.9996679862021208
1.000803423351542
0.9994152802633831
0.9999480360319255
1.0001929150045623
1.0001078860464945
1.0005197950556093
0.999444558348947
0.9996192581871554
1.0000122392096689
1.0011339441216098
0.9990791350247042
1.0000145826038753
1.00084430986967
1.0007904700116619
0.9980820492479737
1.0005540923192686
1.000376938559742
0.999335215844227
1.0037043177239942
0.9966819129066041
1.0040193824738624
0.9972475895846025
0.9986675496909262
1.001571997668352
0.9989592855151961
0.9992099905792691
0.9998693022075514
0.9998292425469448
1.0003953921154907
1.0009801799898566
0.9985442831752266
1.0006054412500285
0.999618585282119
1.0004644683218693
0.9993273810948278
1.005079349139522
0.9948317477356448
1.0000035456206988
1.000842613334504
0.9993673006915926
0.9995267483762555
1.0005222816436887
1.0030173680892576
0.9976676218708747
0.9998887841528167
1.0002835653543143
1.0025720335524297
0.9976584551996857
0.9991024936702031
0.9995616748981074
1.0028184436813274
0.9989393192007076
0.9989756450020093
1.0015986952168565
0.9981795804622584
1.0053187954467382
0.9965863009434264
1.0025605004047886
0.9971532025314229
0.9978461242010352
1.0018070195102846
0.999472439298563
1.0016090707147085
0.9999191376735692
0.9983061297472628
0.9995416917822514
1.0004062070917628
1.000668861710976
1.0006550560878973
0.9989186475510895
1.0002357566985394
0.9997671555613528
0.9990754914371094
1.000158532205294
0.9995792526252676
1.0031225622647262
0.9977054815880894
1.0001521730641132
1.004045527422954
0.995154616132116
1.001569744160141
0.9990067558064301
1.002884456341329
0.9961284544914576
1.004215960992893
0.9956159278328766
0.9999247050803844
1.0018030355725964
0.9983221804513536
1.0008906040562595
0.9997220004048701
0.9995751516756038
1.0000245657929632
1.0006670679088399
1.000847245800241
1.0000719616240719
0.9983360440367535
1.0007136697072947
0.9991767144330829
1.0006723029526166
0.9995595035414442
1.0018373433847025
0.9986488853242167
1.0053228475962095
0.9941796233059437
1.00080724068183
1.0016957094076553
0.9976673812905122
1.0051218364307652
0.9957358997614731
1.0005876057762462
0.9994010382778762
1.0027721378870287
0.9965302748332467
1.0005987563635652
0.9998152821555207
1.0001835518144742
0.9992555204941043
1.000204915226173
1.0000639479626035
1.000426675569312
0.9991748989679554
0.9999009221903549
1.000386646926196
0.9995573252382236
1.0001515564061279
1.0027975403025862
0.9974747145934216
1.0016693678202766
1.001733271352648
0.9969723353605987
0.9994975491352738
1.0007086150489297
1.0009945148151747
0.9977781795574304
0.9999633831188687
1.000506264652446
1.0008233676567087
0.9988781913341717
0.999858049643946
1.0008711979047038
0.9992880256890813
1.0021039555668556
