0.5394944880625029
0.5123824206856483
0.5400060800744078
0.5050699935133648
0.5385740270478792
0.5490955234318539
0.5240785033184779
0.5359569186863752
0.546658391610419
0.5463421243847
0.5452659701700733
0.5838480229670148
0.5853837967011898
0.6038598024806244
0.49314911144955076
0.5365662127791015
0.5866063440094682
0.5918794045905008
0.5226802897663994
0.5241729877841127
0.5475448867077058
0.5778301534362439
0.5156005278480864
0.501447968547344
0.5837108552564799
0.5570444429216158
0.5282492518018231
0.5377899324940646
0.565995192876829
0.5882320563251678
0.5735485978187304
0.5354392469339455
0.5933888759146879
0.6044562907864387
0.5442500763241841
0.5332253558277549
0.537250884493554
0.5471162942464155
0.490156463406318
0.557366230433491
0.5216091747516135
0.541826496260273
0.5378948235915225
0.5141054607387183
0.5318093099302608
0.5051282356971634
0.5592400572693407
0.5186236122808646
0.599415017868814
0.5460025956690239
0.513543597962502
0.6026871513377308
0.5795168039304743
0.5428570614081333
0.48248696282754205
0.5624800633515659
0.5330079548759661
0.5678851756242583
0.5068519898165755
0.5554029129594361
0.5324346612358459
0.5173866439516162
0.5855106920725792
0.5109395904826128
0.553767258387149
0.5537687044390966
0.52042117856092
0.5403242409035268
0.5728856400321051
0.5635995092394053
0.5654149633019947
0.5676629836442088
0.5508816835392363
0.5211117392886275
0.5118336267017132
0.5507929271528589
0.5572352383155728
0.5278228500503547
0.5753012119021873
0.5540599044090916
0.5656197671194481
0.5247225534411375
0.4965703945264827
0.5836269879978825
0.5520880858215614
0.5431459668676359
0.5518824878464342
0.5505940462150045
0.5244643160362501
0.5756812683053711
0.5385022146558014
0.5519961951179443
0.5286709018285439
0.5376378010536146
0.5626973328833
0.5242630856635301
0.5913811465880062
0.5806492109504642
0.5081798422631413
0.5380204579945584
0.5661185491099182
0.5475358830993877
0.5045086402998173
0.573036592671733
0.5617912897792355
0.5122044792164516
0.5684833771821213
0.5847580564693471
0.5471933441092328
0.5798367829486347
0.557731231881898
0.5800081202604597
0.5495257782973699
0.5519324770893237
0.559036204107805
0.5369153071650193
0.5788311685178865
0.5260597557186425
0.5598674279799681
0.5469039124729977
0.5491768671133452
0.5544104608736277
0.5242512392343678
0.5905499405490208
0.5307001184099869
0.5087881081584021
0.5225089204511502
0.5297475771514663
0.5760570134255327
0.5518078295193772
0.4878796276096821
0.509481362890956
0.544136814154412
0.5302861015695415
0.5223985741996604
0.5750037822123507
0.5241906157523143
0.5660888861604815
0.5152077734342336
0.5036246818768317
0.5493156420287701
0.5827932887163714
0.5087098011252227
0.5482628987901177
0.5165109082080457
0.5187730591775105
0.5979087539751916
0.5276892538821405
0.5420279458034377
0.5649997970048207
0.5679952557651768
0.5758055691848509
0.5414396806464941
0.5443514319944704
0.5939134006636646
0.5692964823506323
0.4816361391969604
0.5505320782342956
0.5683700271831844
0.5010274529618381
0.5401190190249924
0.48112908345850325
0.5704516240588472
0.5022576775526257
0.5276826645132027
0.5393579924307054
0.5079731880170534
0.521461918786595
0.6056450166105641
0.5922645171707948
0.5805274673235497
0.5229246782741791
0.5623352448840698
0.5418543375305953
0.5560406652838411
0.5706465564275965
0.5323996054414295
0.5960575935205953
0.5207175549732246
0.5092206359927136
0.5426024553344924
0.5410018483561999
0.5233287742944852
0.5168523602267701
0.5723582488610823
0.5642191927229908
0.5460703629676255
0.5667942818939242
0.5450554332775489
0.5518524400927466
0.5372387146133989
0.5655784211357624
0.5662427087482544
0.5449224347717587
0.5393173860782062
0.5186245095616254
0.5318128331060391
0.5119176640582066
0.5387178548290672
0.5439402596752836
0.5545818082316084
0.5552795173271761
0.5824992171297975
0.514837013094745
0.5380298045096578
0.5545842191056868
0.5277857249744975
0.5476218727519451
0.5836235210585619
0.49603358872387066
0.5661227450060254
0.5478824321333692
0.5425504481644137
0.5216404533083531
0.5545287545164819
0.4947124923131564
0.5181445331366569
0.5422608646277804
0.5623758020094967
0.5437685663658061
0.5040506594420205
0.5414277078739873
0.5267292900617853
0.4982427305760539
0.5364831438893717
0.5528149902835654
0.5717280212925069
0.5178261683974482
0.5413898635195645
0.5776473539474636
0.5448105553436051
0.5198837047177586
0.5193841608801794
0.5665142481622947
0.5754805899092714
0.5188569219588555
0.5218014640898215
0.568696717770087
0.5125717421933528
0.5569776330822253
0.490234375433575
0.536411510493759
0.6117557321954508
0.5650120320382968
0.5247757496689991
0.5237186162943088
0.514999058090985
0.4953111718902091
0.5592628128810738
0.5717769100874994
0.5968118943048201
0.47444787317391734
0.542532380243531
0.5526643117628702
0.5877395951058364
0.5096969335642907
0.5850628026958089
0.5415120139535552
0.531997874852342
0.5295916422651483
0.5459193971148711
0.5617424288699537
0.5325493979909485
0.5032693147934467
0.5268554112959419
0.5395266711612199
0.5576955042122105
0.5396169975129631
0.5410344207535754
0.5274071007407
0.5812387519473043
0.514296930009339
0.4901802358042265
0.5244929763580229
0.5103102297124266
0.4959654228089577
0.5272110969786667
0.5877250299102655
0.5932974143764226
0.5462305295321173
0.5395683134677806
0.526342567422992
0.5530102788922409
0.5673803600682847
0.5178017302182885
0.5532567183512956
0.5405848155399159
0.5426802959416837
0.5418180911795829
0.5220303891650767
0.5302844644360459
0.5756182241380652
0.4839595943541107
0.5372900502069801
0.5719868951435289
0.5321017775590065
0.55311349712883
0.5248675827390208
0.5126340644838279
0.5210688109772361
0.5646499506001396
0.531561518092199
0.5754842270896151
0.5168678473355215
0.5843318369705629
0.5301593645798637
0.5163924122165242
0.5359464842854296
0.5708893998248353
0.5842033786815333
0.5128247313837448
0.5671549701064369
0.510201932682453
0.5207025463678873
0.5154972776837802
0.556280667433522
0.5063653679678694
0.5099294812742622
0.5050146884025434
0.5532836347906778
0.5807600333554762
0.5180426957896459
0.5395921532007768
0.5213726960838764
0.570556496474425
0.5691209220279004
0.5402129577322827
0.5240282703645515
0.5259330018129175
0.5224940760503787
0.5518938344823014
0.5377646618408323
0.5380481839606281
0.5231627874440521
0.5887982290810547
0.56117429536223
0.5926024852967617
0.5620531527461627
0.522528098544808
0.5292022173035156
0.5819693977869216
0.5096153685885413
0.5005263850655695
0.554670096807248
0.5277359750228403
0.5806776706525906
0.5443837473022208
0.5654365670124546
0.6302247704693135
0.5352593587566381
0.5039649823224773
0.5693315297733401
0.5794462052489403
0.5587206693353814
0.5687078621209353
0.507816233743382
0.5113644484145343
0.5206470954799094
0.5292507846160995
0.6024937623551618
0.5410253640252511
0.5518179742129713
0.5651156118650259
0.5523198352388604
0.55168540237686
0.5445905086167773
0.5986901155492547
0.613029312108929
0.6054643121156219
0.5585264928372322
0.520095198335745
0.5242338281604225
0.6416934779088603
0.5546585025470614
0.5497963189526681
0.5159331828016103
0.5434809930337259
0.5830707872302359
0.5803809765057172
0.49261815390550284
0.6098483691799327
0.5367268721389122
0.508329542032766
0.5614159504482419
0.48340607867228363
0.5270754410237223
0.544311947026212
0.5600772170450173
0.5299010676134094
0.5754757266842547
0.607694427973147
0.5849818238763476
0.5185705866098294
0.5567954076046417
0.5999356999966345
0.5604047426003734
0.5640410062356958
0.5087412881528517
0.5731756876288677
0.5430981015448878
0.5571560086353989
0.5688358165373594
0.5614963544580898
0.5392872296320851
0.5682048770836552
0.5715245724235938
0.4843387488975854
0.5620092108916737
0.5564533240637227
0.5593974177815798
0.5592478870522871
0.492729914735011
0.5539323790828252
0.5128284106341359
0.5240188113412596
0.5241810033527832
0.5671932109244039
0.5458882640822162
0.5287565793480472
0.5443349483461608
0.5174632803638338
0.5116817119524176
0.5879695395602571
0.49322855898225143
0.530440583488191
0.5398210921444945
0.5720108357944184
0.5186653310536397
0.5416422837801392
0.5754649980095045
0.5955161446089421
0.5546797640836387
0.560020180875128
0.5108074471053903
0.5397605584450259
0.5775713506798663
0.5293268309896895
0.5257990029286721
0.5464801568537025
0.5763570920335775
0.5159835798794358
0.5170800919904749
0.5248935178132864
0.5010890637590922
0.5484928961249205
0.5080683753962271
0.570594914423117
0.506703588560529
0.5650651314371916
0.5600789054809914
0.5482310711489871
0.5545352944625482
0.53678567977598
0.5521773655072155
0.5233612566110053
0.5322521690987393
0.4955599517608297
0.5360318301349472
0.5487213305123796
0.5554566392430264
0.5295034987643887
0.5481373317749176
0.5678725998632553
0.526402572719253
0.5295432410479218
0.58115859435062
0.5379551870645097
0.5817026267089209
0.5042280233012656
0.545267416252097
0.594599695886536
0.5059660499700015
0.5857362880922872
0.5205685989357536
0.5284434460743355
0.5125574004407983
0.56338830137689
0.5853259497029517
0.5800647915213876
0.5372271379611362
