0.5170700880240094
0.43104446941494884
0.45616335039007605
0.4755853196904728
0.4866590813930401
0.4642504530034167
0.49955552008259874
0.48004004706201764
0.49301296089376523
0.48322612119262587
0.47485175853081935
0.5182132288446305
0.5527738951025347
0.4933459390567826
0.4773739650857328
0.47561814672585523
0.5011548180313556
0.45776852059377104
0.46043537584468136
0.4644701627769007
0.4999945885216411
0.5271618294747484
0.4982075340730474
0.4667970297778422
0.48063723551409365
0.5041083829125983
0.4829548302399318
0.45941358194296844
0.4757871428406741
0.5272832297106571
0.5000228152336057
0.4702255517266935
0.5290658302527297
0.5132623495142953
0.4726663355330033
0.448832034085125
0.4969249779570343
0.47612398377112203
0.4237248372812009
0.5113827294662137
0.44653743269200374
0.5077055274885154
0.5344613269310962
0.466365638177438
0.4613170236802174
0.5024716463907327
0.4617276587587352
0.4497986089637454
0.48754111674780354
0.49064139005175883
0.45818055634542726
0.5348223591761743
0.46860494978433653
0.5037191203593245
0.4648359935846587
0.4834590641381036
0.4720197378234621
0.48992765220695783
0.4889958622084838
0.46515672798389207
0.4928193807013928
0.48234114578799475
0.5026300332905197
0.41675787309361156
0.4784070065211776
0.5083038962015592
0.46690488151207693
0.5204428998420055
0.5005426692546148
0.4934380131948889
0.5255508140284227
0.5145858834979038
0.4679587199786493
0.4540148450630787
0.49160779453507536
0.49304805779952066
0.4664203487293112
0.44203809332906296
0.5005502265036051
0.4979957474505204
0.4839217092274338
0.4597172597689957
0.4432304733834601
0.533015381105227
0.49855549724088083
0.46346913173101034
0.4689782028024879
0.4820849870019348
0.502267872896493
0.5006001561686664
0.47652868800689924
0.49626584634000437
0.44609091749335106
0.4521251250122226
0.48267060284998814
0.4599356268362995
0.5291165815854637
0.4979202623553922
0.43557065183117744
0.5070693689691184
0.473602303044211
0.469791219816386
0.4553178983582291
0.5063298871926584
0.5071974213841064
0.5063656527651934
0.4783719428422975
0.46917790048776126
0.48744237177770045
0.49513788209115467
0.48396553126131214
0.471675741444795
0.48276204993094207
0.4546749395121884
0.4873911410625252
0.508069354008758
0.5094330425142607
0.46676180990671573
0.5088245220103561
0.48355672166002234
0.47023297675012155
0.49807159394723993
0.45159511517155587
0.47118328154145905
0.42959681474117045
0.43404218639299963
0.4679716906293095
0.4634675971066695
0.49782847658434815
0.482792843851398
0.46432534033530404
0.4461649483580728
0.4935442210577629
0.4599851499391397
0.4490860839983683
0.4637889742577621
0.44038850984920785
0.46054020912280136
0.4261422040125982
0.4549974408837542
0.5087477679610373
0.5100705901982769
0.45247376798011174
0.5105881388559318
0.49292869530326494
0.4755925237448446
0.48708577472205705
0.4841718954821033
0.5030796034204507
0.4706098937026626
0.4639211698133372
0.489171590486664
0.4998136350407346
0.5107049853418011
0.5108654843195989
0.5088464859795454
0.44629977628928763
0.45783643134402957
0.483755092583543
0.49252032823675507
0.4919542492570742
0.45531768828801517
0.47483006596291766
0.48056432159247003
0.46872538706656935
0.47190228689639213
0.4806217235765306
0.4894586434081664
0.5215069232743152
0.5300945028359825
0.5086671979367866
0.4748268693220866
0.5039059093925355
0.47247102611088554
0.460783041078798
0.4632027587651402
0.5292201054010133
0.52514142011587
0.4737532818659734
0.4587088693680739
0.4926433197031844
0.47034367055311777
0.4980044345242546
0.464209116985964
0.4813264285362915
0.5230586777443705
0.448664344160233
0.5237968900348329
0.43942565621235624
0.4731719286855932
0.45890525182095904
0.48381534840789814
0.48524916797393625
0.47373488724803153
0.4633939569800479
0.4848680667472759
0.5030977344292441
0.5185311317290275
0.4697522381258664
0.5280882356662077
0.5199042987429408
0.4684139811828219
0.5032470624224438
0.4524779138215397
0.48145915329788525
0.45570176917395927
0.49086721260355376
0.5203946382858041
0.5138339838513946
0.45523923054185306
0.4869611995752446
0.5281889463114883
0.5106617295507148
0.48480544709875784
0.45667329026611203
0.46070573209765175
0.44315572785406304
0.46915393709267555
0.48270776257886416
0.4729680230495368
0.4425602682918176
0.43772552796862385
0.4457925680009523
0.48902793441486814
0.44495915825396526
0.48890086640842156
0.508029599244134
0.48475743033281465
0.47401784369767785
0.47423659833185444
0.4893497067993344
0.44369326413886545
0.48307659931656416
0.5058159637422591
0.46537392499526586
0.49750232263619587
0.47953257851056463
0.49917760544348805
0.4897158867116553
0.47629176189193523
0.4766966491664495
0.4838652027685389
0.5192763693886233
0.5057404112028892
0.47204688844558473
0.45009417377419725
0.4911065887457995
0.4439320425299149
0.4628951692204657
0.49768542355903067
0.4979356909780198
0.4322067361156461
0.4580451582262205
0.49795473272640567
0.488465015613028
0.44854302320296846
0.5120815584169288
0.46866664818179526
0.4770034736208831
0.48311995558364407
0.4888263391955155
0.4829812045336202
0.4787471393621045
0.470754668759636
0.46779475046899144
0.4818056550753208
0.49261421365249813
0.450819763927813
0.5042705652447114
0.4309440534260506
0.4897938635327145
0.4471332453941906
0.476305031149226
0.46994625864412776
0.49362923118677404
0.451027243646447
0.4678672449774979
0.47205861889366324
0.48041872729836366
0.5054824117254635
0.46588221853947054
0.47354634210992774
0.47474880714901835
0.48737020192714436
0.41979053435307156
0.4619840368665663
0.47278595293069137
0.478727318133939
0.5111256807891503
0.48938958344595046
0.49508290194824545
0.4849540963137337
0.48576232195314734
0.45499234008391454
0.5157756190646944
0.45514310749295983
0.5094251242924381
0.5010731761589271
0.5220090305375105
0.4439693210513915
0.4994673617900677
0.47972584191072987
0.45539096403566537
0.45432518664492616
0.5105048837970785
0.44657173342940026
0.46217004572487586
0.4635957418972154
0.5240589242956886
0.4894079901288526
0.4511398296275534
0.4464121476276337
0.48839913934250784
0.4698778435852716
0.4855705531726306
0.4658869792877078
0.4889606734944426
0.4474824434166142
0.46914131907768264
0.47220919039254977
0.4933707600341693
0.4473526446650463
0.4770740143753378
0.4279307659788457
0.4608255420436148
0.5391196037979379
0.46514722614383786
0.4659810556766212
0.4939801300706351
0.4593212860778535
0.5078759357106678
0.4753186349115318
0.47928252226934626
0.511069363077094
0.4769042577242361
0.47871612510543937
0.5106580560967189
0.5521152183441587
0.47730336730867384
0.47677462083923733
0.48014592481009644
0.470566399463441
0.4883839105177632
0.4485680447604371
0.46506938603043757
0.5380708772316509
0.4958542976699363
0.4958792213733041
0.5260445522016439
0.47686353102701223
0.4563851218326607
0.5184388059005316
0.5501997335058957
0.5430236159399262
0.48908566875253623
0.4752589183233864
0.4748548987590907
0.45084425432904496
0.4582797934431693
0.5460165129509518
0.4837677482328574
0.4680908814459788
0.5014700434877938
0.5051972156301595
0.48267708439869644
0.4964853329221285
0.5160215121568654
0.4988948845029063
0.5006798078809342
0.4815070846639786
0.4687347473984459
0.48576457291188424
0.5168462473512065
0.44977273379993765
0.4899818324822364
0.5149252320243101
0.48159521730618826
0.5050244564010924
0.45747546472237854
0.5041619421232459
0.5494735224837198
0.5023119779789307
0.4707696509254995
0.47643830001739057
0.48015874326415897
0.5180146353683786
0.48049030339449805
0.5103855331519005
0.46031972746573224
0.5348353147440899
0.5123395561634148
0.4787523644863553
0.49866479079873194
0.4444930188779387
0.5184286850261299
0.4850397631568398
0.5140008832113524
0.4554462156680342
0.48793568213750504
0.5203010135085526
0.5541311638816214
0.4795516789636608
0.48075242273334373
0.49216170688193667
0.472688469025816
0.445495402617942
0.4408622914842182
0.5049107778519498
0.4563738654748044
0.4977750039499334
0.4959722168334437
0.4327269780976211
0.4569047023355596
0.43510612601728205
0.466474174222946
0.4997022606524789
0.5298368771400661
0.4606525714146155
0.44944948908210475
0.5056289606532804
0.47290711389882567
0.4275995472148197
0.5152466583194902
0.44367980054631095
0.4772466346707434
0.4885235655125883
0.4810546972160534
0.46346711898512905
0.5160323120124609
0.5292866501927693
0.5098519025299708
0.5000739795165026
0.498507638590289
0.44114124342039807
0.4661934013502094
0.4900079125904403
0.4585998314149459
0.43773013295249646
0.4776593170980977
0.49097131586993575
0.44901644287321363
0.4528894317422266
0.471333437461033
0.4577725057067978
0.4826700441919803
0.4501023265558704
0.4910030153723207
0.4426268535765436
0.4748617880975233
0.5046000705638471
0.47466329479839314
0.5096641334329721
0.48928015436208583
0.5014232478986332
0.4708729521707542
0.5435007726483982
0.45674371549207204
0.4527771712447768
0.448612408681427
0.5053356629208992
0.45820820096994835
0.4491245904759055
0.4904296511809205
0.4440287525226668
0.47144609028456524
0.47602185343264936
0.4784960180650727
0.4865653269394169
0.44921593462970033
0.4982897016491111
0.48412291783428374
0.4590522128846762
0.53019963654783
0.49937059171114706
0.4910720577159077
0.4641470384634527
0.5257158193168412
0.5159988929628155
0.4963752246724888
0.47980103875803415
