1332.1875114826425
1264.4868029926276
1367.6036774780712
1339.3166831865967
1381.5986283286275
1330.9297693521917
1319.5505546940435
1383.2325364230508
1421.194862491268
1405.2494195045706
1377.9620616619081
1433.6217381223307
1524.6683805885273
1291.187047378851
1185.6831159804142
1234.5078073861296
1347.442736488198
1442.2440425184798
1144.1703249294237
1162.7087356660104
1451.3952453410504
1217.8589178779284
1414.9744953681054
1177.7691493521672
1310.8433010216438
1263.2879612099896
1398.5554906563045
1415.8013779903536
1404.738249782076
1319.2542964766321
1391.106853080196
1255.9008168002774
1320.815815139724
1261.629094656574
1594.7075512185613
1182.8662155372062
1601.5912046662297
1237.7619218056311
1213.338365602365
1466.4836121724798
1306.0829772046754
1410.972396653775
1358.5797843602663
1401.2926702518216
1336.5407852325716
1365.5131162801654
1222.4674623861606
1218.869139085989
1608.530194975804
1358.5076350367488
1203.8685180433442
1247.2279457401496
1365.9951846064957
1197.4887915806034
1262.4566978160078
1290.2522274052517
1215.4079782098133
1164.5536632432643
1253.6692256172846
1482.6328879383652
1293.2355549346705
1292.6136098680706
1286.8527356035981
1203.4143203433587
1344.5601696547405
1486.8927339970146
1291.7858697554889
1542.5058054660951
1289.6590495040632
1308.7767004494485
1201.5012386434125
1256.6804098487223
1420.2797682381902
1379.5688869730711
1505.6215762301808
1100.675211025514
1340.7618435241106
1391.1289176976647
1103.1204334738998
1314.411531766355
1205.2548970653115
1249.9104786562862
1453.3248840404744
1211.3740938112055
1411.8065397431042
1272.4335690464382
1299.32613180645
1098.1255432473574
1412.917106906117
1470.0450349678179
1376.58658110187
1281.5541284640678
1394.5176438940803
1312.4784884394642
1584.3077224331328
1398.609543409554
1390.4076695994788
1464.8391797938523
1402.9346684460986
1261.6926408972724
1269.791620469235
1248.1620301064238
1315.4891512111453
1365.8437229363126
1191.221122151031
1230.1370530119032
1295.308753890715
1479.6980579084586
1330.2891164929486
1292.5125864666861
1178.4233036239154
1266.1253167808843
1240.0800281286613
1247.6795390634452
1434.2140786735001
1343.171084553653
1422.4611961665646
1466.505623954867
1291.196194525828
1344.3226888668005
1273.1237730020916
1326.5011829007556
1383.8172283947747
1347.3109825537297
1383.0036913998854
1403.6520499778408
1337.0500983967283
1495.5426942797615
1415.4477018514172
1350.690004342623
1245.8586421980574
1496.8769825366112
1321.1349275457978
1347.907416314506
1462.5825400563838
1243.9493554107494
1287.5187648290625
1441.668017182384
1335.682840142113
1310.6551159315597
1306.0568020652247
1439.590795386108
1332.9987369031737
1403.2478951322908
1289.883802445936
1438.3578199173846
1242.053002411712
1164.25723007762
1255.2397429408184
1128.8865770162947
