273.56919494917776
255.68787525827418
289.1971714388331
306.31261344201636
324.6027509739878
254.75558143835704
288.4799770596919
248.64245276407695
280.46536361392174
306.2276128175934
334.1751824744128
233.76343233149507
264.16105235628436
316.032675551147
236.41409173777137
311.04419685333926
290.5886919335572
265.8565698505445
326.0223765258035
308.8414318735284
294.83399108321737
318.7356972055368
258.7636465461574
348.086333911621
272.9557935111546
280.90764370232625
276.91832791401634
246.54056285503262
301.47221261332396
309.1021106879116
344.4959958761366
280.06738670034997
301.75884027865516
256.5332254832018
256.8364927592089
297.2907372085388
212.9827867660914
294.6498481842418
279.0026008727355
302.0207048022283
270.08968847083554
241.82950754539382
223.45326686563538
301.72758655076916
259.11724654456447
307.87734178320346
303.0707649318432
265.88153163106176
255.1030415339827
314.502350311184
293.95107135049085
329.15559714216766
299.3849850094276
288.4742079602041
348.9213071889922
260.2483404695901
303.89421072837524
331.3721044471167
328.9955304133143
291.9109405101734
250.0038303182482
346.8339305250299
275.4723303763575
335.18810439201667
290.47660436359956
244.27710231568477
278.66330297004146
301.39621332735834
347.7118002163018
298.299175848102
343.31622858221107
321.12682968479476
232.18646451635794
251.33139547416363
229.18573677134995
349.5985731516227
292.3677385260473
312.7174973306027
372.8862263483108
304.83700000349927
331.89043781947987
323.16371414259334
251.30641717013603
280.037675870033
271.0926259424226
262.7741340504533
296.6820173598049
353.4743314929348
412.8567373020599
384.90912972386667
378.1442259681123
329.75760462621525
258.0611496713511
261.47401373448963
238.53634094662544
259.0518962224596
287.97851711318316
302.63064925817395
197.5740981161147
347.59147399549244
345.66381427836404
327.06971171871663
295.68508567903103
284.1226245658179
311.58455796924045
293.4622933196996
311.12278130736445
289.4396995138396
263.3709568115082
273.9372993256922
270.603112424424
257.3739415046553
331.759893130526
313.6092739620417
323.77714474284966
275.8096547393107
228.4082460496931
303.9097143888648
285.38512396310784
322.77581881663417
345.8218907966481
266.0448885539253
224.01782607429638
274.8363299500225
285.91323385423783
278.63835044736413
272.6792638607945
372.38808490317956
284.03697212983394
261.0623603456437
310.8401714942136
273.16047842666103
295.68631048127617
257.5326283864393
276.75595541273157
294.3762510251358
367.8293804266547
259.84262505478455
367.20944296134223
221.38332363298557
270.9101344488859
291.2600784275113
255.16373021878576
252.6870542994741
258.45356632820716
260.293660711628
284.98763563446545
283.228514417178
318.9800656089465
322.3897175460105
