203.58067231504293
403.6733191905761
159.00253727385183
272.9851206971374
247.65626039498846
237.67714831958193
140.4943042889135
219.5556271974665
65.54248526569452
91.05249304670059
124.1848137865775
190.280512171265
108.90555639387439
191.5558806791705
126.36594836085085
343.49861637411635
461.9882351811849
122.68970095702007
106.49087199420643
162.20824388776316
75.04152358316905
105.54725505829337
256.9805897764411
388.3333707966884
73.1757907342794
559.0966712341026
54.46262317706023
425.39760458256114
208.06484465691835
60.80323502701888
379.42457069487796
84.79384534928825
178.9237119003572
307.6816205920835
94.43748081208511
258.6254994579485
487.643317703729
135.88129591105033
230.30220702990653
122.30384867561123
198.5870294802674
426.9826283148815
83.53640251561913
125.23760098742447
434.5521958874729
164.39741237180567
111.55079741933018
230.89773309394775
224.46554758698454
288.5367357513045
381.7868455715336
251.36080915496956
76.41250700068736
112.59506872046072
221.1219344064066
48.58899501022931
121.97238375679551
347.0851968435587
635.5267528171438
224.03876542609166
237.1007722827015
203.65074858928588
118.10867070261575
247.37615422985485
149.872002867214
569.2293596943974
419.3368470220478
155.6053137141161
98.54158301639207
172.19617521799807
289.6554437944473
112.41067984724903
119.32720042142924
174.77889659564224
262.1890065115277
151.1382828307584
122.54241658850819
194.31525504936525
267.8267373685945
384.4305382563386
294.4591365624922
92.76736954000395
82.96824358485176
140.72849061372344
291.7576911511503
247.78812304824373
204.51862623416343
87.04200342227018
179.6470023509073
224.47263599044868
177.37422593403804
96.68590149849551
304.80371767910765
273.52058869713755
172.87459176367173
174.59076126965758
253.02291561428044
90.41157180971307
339.89595094353444
161.073295676796
135.86973930001625
86.75969005654377
160.36736688579396
604.7498164490834
404.7745275410452
320.64210923577843
299.8187345336791
312.2536523346878
342.4167571956294
108.33905710532292
265.37758162429327
116.19007718799988
141.27341528173608
114.68398559065623
66.11011956457439
101.08625064686058
211.25360404527544
223.0851003532363
106.87242987736262
260.3691664483733
104.85754242484019
130.98021234103766
101.92871715022957
68.40979017163816
299.8201023347482
630.3479450892984
331.26613616375994
77.18938903199134
172.98403371380732
127.89941395504816
120.58828685161113
72.99758454786927
243.9171311586547
244.5868510705823
136.9324538780519
263.1333373427366
143.03967248408728
132.55710580310907
66.26608452699647
156.809970254452
120.24350870314966
277.91548139222823
241.62841018921466
185.00822652812633
234.9122416720653
178.58362693439437
137.00350210444094
100.5148437697051
139.38003597829993
137.39092402843025
