3007.379933644304
2763.2436277640163
2610.451513378381
2618.921955533044
2649.981002090835
2499.7931277283674
2852.2900160332947
2820.7863876173274
2612.924310051373
2662.2860354478007
3015.5416150898404
2491.3513573037476
2543.1410796507885
2679.494311500752
2574.902624021077
2617.7246797897606
2480.182022112299
2672.488432445981
2701.028747191451
2820.6638724302175
2635.553293508106
2788.5586735753745
2901.3943326698522
2630.3197346361917
2670.980548632671
3090.1321250632445
2602.286391280628
2691.194575495005
2898.3703804398847
2501.693649278671
2837.949215291199
2607.2458622566974
2430.571988077231
2843.1732236010976
2960.269053121585
2887.9615154795856
2696.257833575489
2635.100531360569
2962.3830378936395
2961.535114810226
2492.5897434342887
2823.1882449187688
2761.0121031996714
2630.1878390227457
2972.7588624709056
2810.383343742839
2452.747643111145
2673.8408610387573
2685.3447114076534
2775.5138432319723
2771.3574771852477
2771.5444999986516
2400.7240417097464
2849.5344641456336
2709.764746167407
2802.839120901091
2914.1545822185344
2843.1163878135003
2863.7488020514083
2678.67700409619
2675.1871912875863
2628.0037431335236
2613.8846888215426
2643.3439208695445
2716.20771160442
2724.9300772293373
2836.2259308741036
2786.520228303294
2616.5154975397913
2643.688660559315
2735.9089984426296
2861.56148416022
2743.2520501586973
2945.5118992397774
2816.8645244586733
2698.574286986602
2733.267554546168
2836.6025274656145
2738.291827845533
2788.5495379090935
2890.647900009933
2472.561480331126
2647.4292931614837
2576.7736506481288
2810.7035252635446
2593.010906259768
2698.43287442331
2680.7015133540745
2684.87120152848
2754.9521503773312
2858.5107583324784
2653.6504479106225
2566.369860415212
2616.090224554733
2834.583050017444
2608.8005050145025
2583.783351495003
2623.9303187863293
2699.5091868846825
2666.898466277529
2606.812161630303
2669.307385612247
2938.2467579556537
3052.423018817411
2610.543119606657
2724.7632554826496
2665.944537219501
2803.204280175953
2666.8283463732346
2658.311406918882
2653.6841838329588
2824.9545411566473
2728.3998466086528
2815.080095899887
2558.6633362584976
2520.8424639243362
2581.9497463353146
2806.655577232008
2787.0756787799774
2703.8050168101627
2605.987285487535
2710.488309417331
2568.211995394096
2520.5823960827024
2706.477959854044
2922.3485724674943
2939.039366506327
2652.362643928288
2852.3118119779338
2639.7367201475795
2721.626406351684
2667.5942216647186
2833.5167205526745
2680.6327804084426
2532.5252608381434
2618.109015680651
2879.6626358585
2711.3858331547
2738.2374116685514
2932.966574016796
2912.7541697636507
2875.3258938816566
2580.3138992997388
2691.5035788784485
3055.006716522975
2813.6657169693344
2481.164501860451
2993.5402167592924
2877.3518474878783
2606.80464162852
