78.51289258491352
61.96537084517725
104.21835919986742
151.94198701520284
56.001943515070046
42.54004178125852
134.40303221057374
106.2715227237243
64.66926402926345
171.3918171179406
94.08156952819873
112.52272028245473
34.465929268930324
92.21698083385333
277.19475961438854
149.85336880771837
146.13460987252822
197.8930225558694
68.96311806832952
166.04821725988052
146.8881020530241
127.86337982779011
215.71005698301494
169.446181709023
60.621134736349696
70.81504863553482
58.91622046173274
81.12057031055917
62.002855069582075
58.19373736092672
78.10787932003362
131.2340736497905
119.9289442201134
97.21286738322841
149.45669769380626
145.55215955264285
64.99045057132928
95.2298076118589
118.40133960170533
156.52858503252625
161.27513953909153
64.47316147890527
95.60920464978969
159.76103899017215
94.97270399982489
75.3401103616656
113.5692645859603
452.21923203649726
76.6043299930455
83.93343545580353
119.66216781739479
84.3957080894904
89.77135093301905
119.41260764555248
186.60053026655837
92.81529189860929
78.86873500058017
56.69418992983032
77.84486500308306
81.83958297691592
108.94994698976107
92.15367600615546
100.19956215209397
163.617975217148
82.94033693912472
57.19645609190607
89.94167440898484
120.88917371909491
135.40805425911893
133.2898807521854
193.67162980244422
71.03507937459476
65.19847221513132
114.09632000172375
83.95596138772709
40.278714950822156
76.07119406034224
109.41089870331773
51.09221650837132
142.89423813409203
126.13589729429502
62.385635595614374
162.90875786343904
128.0671142538252
49.70645242307231
88.46508634784108
86.79950689611312
70.63168081743396
63.80163461037789
82.56376303585509
49.561051994279126
112.71937987301844
57.938754197687786
276.70149335012684
87.29247678232838
66.45086982819481
363.579246560616
82.66160987008584
183.9938209869607
85.257540683402
69.95314891896005
120.2958224803044
74.13109529045984
79.14111344961788
108.00611685531099
118.31557788618754
104.50805046233366
153.97363996070538
78.32574948328855
114.44935748747378
64.57754140829765
98.6622796962862
146.65912308067652
90.56247196215743
172.01617485262176
61.93994095603003
119.84163021992127
147.01120698064344
105.82321383097829
46.80833924066512
161.71871618859123
133.52130313409353
101.26297334413576
127.44091007450064
52.91274823150648
67.18044140029
76.53470174257782
110.51963065235023
134.54551888475845
79.59308303032086
96.80904301237906
75.75503199281009
134.89202320436019
96.26442049940991
254.92371354143165
150.18637563133038
61.27597911515156
65.93691166455763
78.66660764540502
59.067982364962475
67.58579140252192
78.66638019081354
70.7529642870676
44.849174445611155
103.28355593280196
123.0137855365669
88.77797562085321
54.628034158887765
140.4620102309933
82.51191566462943
