6735.880954179339
6688.615214707562
7137.971476727418
6830.955913200494
6491.047212727806
6346.052978978188
6778.703655475374
6695.029174212484
6957.262357770137
7164.9205966015625
6300.8436632751045
6706.986058133793
6705.216426783275
6658.950201932609
7065.369633368486
7130.839838427984
6798.491865891512
6632.185981652914
6802.407311421045
6813.407446989785
6699.2836352901795
6900.982982435739
6832.040398284578
6936.054439279346
6741.129628883883
6321.048296466482
6985.990573798165
6638.231081825146
6672.232208605506
7047.624524480795
6951.95212347628
6501.042521497662
6893.874564461362
6900.185353533829
6682.429851774201
7054.307282803616
6486.937038331661
6853.318294757337
6638.913918708553
6726.57223840029
6548.579380477003
6508.1195429066465
6792.531356542235
6840.620659039806
6878.7767307986105
6979.926064747132
6684.748396225413
7050.218396608886
6854.9137909878955
6458.489638256761
6991.951221768119
6404.703301719455
6750.193029870973
6784.789792253823
6823.78685267872
6746.820259452431
6454.533882982382
6862.701220589286
6743.525306106165
6713.7399823652795
6818.21510396225
6975.612657932113
6787.584473986391
6845.867047011261
6807.142064253949
6326.304417531308
7029.344090099575
6816.831847461814
6968.682608772048
7065.55266540578
7013.50991012243
6389.379452684466
6768.635197836122
6498.312718614939
6910.499051779376
6594.753390177069
6829.65926915783
6462.431505183146
6638.263885789224
6890.292916671512
6993.424527443649
7068.726252822531
6609.850074668715
6868.38921688703
6612.776881693671
6568.34530588344
7027.078677984454
6726.680442710596
6998.652110304472
6704.539017916079
6993.250202198222
6841.522698661703
6660.990054619551
7137.4977754702195
6748.468353509094
6601.53462934708
6965.212328823789
6852.402215048123
6973.916928218196
6421.64816621316
6942.978124352005
7035.015660934215
6592.643114321038
6977.678267803374
6585.166443151245
6345.429131902305
7209.586263137769
7152.634120413636
6422.359837188416
6813.573272158011
6894.8211489920295
6787.677243033648
6849.960669483918
6817.032242300811
7004.119993814126
6941.997176498051
6781.685854957445
6720.027271789998
6797.607403917487
6470.031923654139
6913.728356636347
6668.7647607245835
6905.917127025924
7024.189963548308
6482.896646428754
6624.126092595633
6578.694567365415
7295.912455275586
6748.326923463055
7042.105709248355
6930.0615570222035
6621.559618476427
6750.163872029968
6552.537762653414
7135.076707440003
6867.852266556614
6392.988575607094
6711.165068333278
6908.5652998668575
6561.115143283288
7068.726814852639
6795.650133779764
6894.195912807017
6598.173765423579
6619.892677099733
6773.0696392446
6474.254125067456
6466.947198331758
6765.937250274156
6707.546108238636
