600.4973503286323
638.5019847964924
612.6582332197803
543.6957521525732
600.9077134508827
553.662788838089
581.5200024348973
552.2036587162793
615.5928915999353
652.0662348911493
596.0092337568328
573.1110087909145
555.9869306613131
582.2517789043893
596.4150782862465
642.3388313131774
587.9757717013872
609.0928148572276
601.282888789883
698.6505782023391
597.1321753784985
621.9790782513163
613.9493475378467
562.3853180980375
575.4764800219342
533.2875616986976
632.2975818119751
597.342539919932
640.33158813693
578.371547562637
652.5196777212492
542.3577301578958
557.1535789227441
643.2741119090639
563.5446868472103
590.8040125054081
522.9421082579918
682.5565335057803
605.1714958967079
535.9666346214713
591.7127568508735
592.4267743486118
594.1197355585255
614.9991940790376
607.2735401976191
554.8775062482465
508.8243964564215
596.7070994487823
591.2337638529668
660.7656939226489
567.7396110405087
622.3943795857042
608.251065382794
604.7671508689454
607.6243028410082
606.1881387689239
638.4979496645219
548.061369404412
528.7070947858659
568.1262953399133
562.033047185779
619.6759264583008
598.8323200692703
549.5691100645261
554.1665916985085
511.34256717016797
602.0848622022852
667.9775068361739
572.6480015499285
611.1925504665809
620.0833370557577
619.9650328665725
549.0803612281559
623.9169221575654
658.4309310780027
602.1835362136508
575.0896997754271
621.3563632309863
657.0456265427258
545.616006040585
597.2328823949528
706.6255427317396
665.7458057851776
612.5548583629795
577.1955088760825
665.2670240123283
658.5512191988347
590.1125750683012
612.9997300777164
589.6599100224345
658.237432521891
535.3961110716896
570.4329199474366
613.4899255233917
632.4748787227122
587.1293487085978
605.4314394645336
638.296811683449
622.0069774193101
630.2883114102506
678.3026355710949
547.7031874672371
595.0875864948097
614.9645340620548
526.9802829565328
530.5888166932037
603.6932793203384
577.6579697169119
569.4099903994594
606.4115311026898
585.89580307961
576.7283210562429
604.6101360679562
617.7823946115745
610.6723759381707
654.1409467439131
514.1571363687683
668.0021637931326
680.8005411393624
592.4914131348185
598.5674212900462
549.5238594431631
595.9973087203289
599.9932369333736
554.0748718582995
598.1919277589708
568.2833966579649
569.8145281171215
577.8064671560928
576.0725189664552
586.6708642429851
552.1132058952846
603.8737226799637
620.3945058498861
602.4158347178684
653.7818333012874
637.1485542141338
607.6246087076084
636.0744269244498
564.3061060469121
598.6359544314822
497.22570486792443
642.4370411167116
587.31186816318
610.8600335335166
599.8121916401085
572.755285139272
565.5455364535768
642.8055866238018
582.6532781950142
